FILE INFORMATION:

   Simulation name: Ex-BBa
   Simulation type: Experimental
   Domain:  
   dt: 1
   depth: 250
   strt_mon: 3
   wind_beta: 0.5
   strt_day: 1
   days: 250
   dt_save: 1
   lat: 68.98
   rkz_surf: 0
   diagnostics: 1
   biol: 5
   wind_scale: 1
   o2_sat_start: 1
   sat_start: 1
   dn2ar_deep: 0
   param: l13
   dz: 25  25  25  25  25  25  25  25  25  25  25  25  25  25  25  25  25  25  25  25  25  25  25  25  25  25  25  25  25  25  25  25  25  25  25  25  25  25  25  25  25  25  25  25  25  25  25  25  25  25  25  25  25  25  25  25  25  25  25  25  25  25  25  25  25  25  25  25  25  25  25  25  25  25  25  25  25  25  25  25  25  25  25  25  25  25  25  25  25  25  25  25  25  25  25  25  25  25  25  25  25  25  25  25  25  25  25  25  25  25  25  25  25  25  25  25  25  25  25  25  25  25  25  25  25  25  25  25  25  25  25  25  25  25  25  25  25  25  25  25  25  25  25  25  25  25  25  25  25  25  25  25  25  25  25  25  25  25  25  25  25  25  25  25  25  25  25  25  25  25  25  25  25  25  25  25  25  25  25  25  25  25  25  25  25  25  25  25  25  25  25  25  25  25  25  25  25  25  25  25  25  25  25  25  25  25  25  25  25  25  25  25  25  25  25  25  25  25  25  25  25  25  25  25  25  25  25  25  25  25  25  25  25  25  25  25  25  25  25  25  25  25  25  25  25  25  25  25  25  25  25

DATA:

time [ ],mld_t [ ],deep_t [ ],mld_s [ ],deep_s [ ],deep_dens [ ],u10 [ ],ice [ ],slp [ ],do2ar [ ],do2n2 [ ],mld [ ],mld_o2sat [ ],mld_arsat [ ],mld_n2sat [ ],ceq_o2 [ ],ceq_ar [ ],ceq_n2 [ ],o2_deep [ ],ar_deep [ ],n2_deep [ ],o2_fd [ ],o2_fc [ ],o2_fp [ ],o2_fk [ ],o2_fw [ ],o2_fN [ ],o2_fe [ ],ar_fd [ ],ar_fc [ ],ar_fp [ ],ar_fk [ ],ar_fw [ ],ar_fe [ ],n2_fd [ ],n2_fc [ ],n2_fp [ ],n2_fk [ ],n2_fw [ ],n2_fe [ ],o2_deq [ ],ar_deq [ ],n2_deq [ ],upw [ ],kz [ ],dn2ar_deep [ ],n2fix [ ],n2pr [ ],n2pr_noMix [ ]
0.000,-1.760,-2.168,31.942,32.163,1026.493,4.783,0.990,1002.180,0.000,0.000,101.362,100.000,100.000,100.000,383.026,18.724,683.391,386.914,18.913,689.699,0.000,0.000,0.000,0.000,0.000,0.049,0.000,0.000,0.000,0.000,0.000,0.000,0.000,0.000,0.000,0.000,0.000,0.000,0.000,0.001,0.001,0.001,0.000,0.000,0.000,0.000,NaN,NaN
1.000,-1.760,-2.168,31.942,32.163,1026.487,3.346,0.990,1011.306,0.013,0.013,100.166,101.118,101.105,101.105,378.841,18.520,675.925,386.914,18.913,689.699,-0.000,0.000,0.000,0.000,0.000,0.050,0.000,-0.000,0.000,0.000,0.000,0.000,0.000,-0.001,0.000,0.000,0.000,0.000,0.000,0.000,0.000,0.000,0.000,0.000,0.000,0.000,NaN,NaN
2.000,-1.760,-2.168,31.942,32.163,1026.481,1.750,0.990,1013.505,0.026,0.026,98.880,100.218,100.192,100.192,382.292,18.688,682.081,386.914,18.913,689.699,-0.000,0.000,0.000,0.000,0.000,0.051,0.000,-0.000,0.000,0.000,0.000,0.000,0.000,-0.000,0.000,0.000,0.000,0.000,0.000,0.000,0.000,0.000,0.000,0.000,0.000,0.000,NaN,NaN
3.000,-1.760,-2.168,31.942,32.163,1026.474,5.202,0.990,1006.135,0.039,0.039,97.510,100.014,99.975,99.975,383.123,18.729,683.563,386.914,18.913,689.699,-0.000,0.000,0.000,0.000,0.000,0.051,0.000,0.000,0.000,0.000,0.000,0.000,0.000,0.000,0.000,0.000,0.000,0.000,0.000,0.001,0.001,0.001,0.000,0.000,0.000,0.000,NaN,NaN
4.000,-1.770,-2.178,31.942,32.163,1026.468,8.128,0.990,1006.172,0.053,0.052,96.064,100.760,100.707,100.707,380.337,18.593,678.593,387.020,18.918,689.874,-0.000,0.000,0.000,0.000,0.000,0.052,0.000,-0.000,0.000,0.000,0.000,0.000,0.000,-0.001,0.000,0.000,0.000,0.000,0.000,0.003,0.003,0.004,0.000,0.000,0.000,0.000,NaN,NaN
5.000,-1.774,-2.182,31.942,32.163,1026.460,6.533,0.990,997.033,0.066,0.064,94.546,100.742,100.676,100.678,380.454,18.598,678.788,387.064,18.920,689.948,-0.001,0.000,0.000,0.000,0.000,0.053,0.000,-0.000,0.000,0.000,0.000,0.000,0.000,-0.001,0.000,0.000,0.000,0.000,0.000,0.002,0.001,0.002,0.000,0.000,0.000,0.000,NaN,NaN
6.000,-1.774,-2.182,31.942,32.163,1026.453,7.506,0.992,1000.607,0.080,0.077,92.963,101.668,101.587,101.590,377.041,18.432,672.694,387.064,18.920,689.948,-0.001,0.000,0.000,0.000,0.000,0.054,0.000,-0.000,0.000,0.000,0.000,0.000,0.000,-0.002,0.000,0.000,0.000,0.000,0.000,0.002,0.002,0.003,0.000,0.000,0.000,0.000,NaN,NaN
7.000,-1.776,-2.183,31.942,32.163,1026.445,7.233,0.992,1011.292,0.094,0.091,91.321,101.319,101.224,101.227,378.393,18.498,675.105,387.083,18.921,689.979,-0.001,0.000,0.000,0.000,0.000,0.055,0.000,-0.000,0.000,0.000,0.000,0.000,0.000,-0.001,0.000,0.000,0.000,0.000,0.000,0.002,0.002,0.003,0.000,0.000,0.000,0.000,NaN,NaN
8.000,-1.778,-2.186,31.942,32.163,1026.436,5.677,0.992,1017.629,0.108,0.105,89.627,100.258,100.150,100.153,382.452,18.696,682.345,387.109,18.922,690.021,-0.000,0.000,0.000,0.000,0.000,0.056,0.000,-0.000,0.000,0.000,0.000,0.000,0.000,-0.000,0.000,0.000,0.000,0.000,0.000,0.001,0.001,0.002,0.000,0.000,0.000,0.000,NaN,NaN
9.000,-1.781,-2.188,31.942,32.163,1026.428,4.771,0.994,1013.116,0.122,0.119,87.886,99.641,99.520,99.523,384.874,18.814,686.663,387.135,18.923,690.064,0.000,0.000,0.000,0.000,0.000,0.057,0.000,0.000,0.000,0.000,0.000,0.000,0.000,0.000,0.000,0.000,0.000,0.000,0.000,0.001,0.001,0.001,0.000,0.000,0.000,0.000,NaN,NaN
10.000,-1.774,-2.182,31.942,32.163,1026.419,6.605,0.992,1009.731,0.137,0.133,86.105,100.093,99.956,99.960,383.192,18.732,683.659,387.064,18.920,689.948,-0.000,0.000,0.000,0.000,0.000,0.058,0.000,0.000,0.000,0.000,0.000,0.000,0.000,0.000,0.000,0.000,0.000,0.000,0.000,0.002,0.002,0.002,0.000,0.000,0.000,0.000,NaN,NaN
11.000,-1.764,-2.172,31.942,32.163,1026.410,4.946,0.994,1014.100,0.152,0.150,84.290,100.462,100.309,100.312,381.843,18.666,681.262,386.958,18.915,689.773,-0.000,0.000,0.000,0.000,0.000,0.059,0.000,-0.000,0.000,0.000,0.000,0.000,0.000,-0.000,0.000,0.000,0.000,0.000,0.000,0.001,0.001,0.001,0.000,0.000,0.000,0.000,NaN,NaN
12.000,-1.768,-2.175,31.942,32.163,1026.402,3.389,0.990,1016.126,0.168,0.167,82.446,100.072,99.904,99.905,383.391,18.742,684.037,386.994,18.917,689.832,-0.000,0.000,0.000,0.000,0.000,0.061,0.000,0.000,0.000,0.000,0.000,0.000,0.000,0.000,0.000,0.000,0.000,0.000,0.000,0.000,0.000,0.000,0.000,0.000,0.000,0.000,NaN,NaN
13.000,-1.770,-2.178,31.942,32.163,1026.393,4.263,0.990,1014.310,0.184,0.182,80.581,99.879,99.696,99.697,384.192,18.781,685.462,387.020,18.918,689.874,0.000,0.000,0.000,0.000,0.000,0.062,0.000,0.000,0.000,0.000,0.000,0.000,0.000,0.000,0.000,0.000,0.000,0.000,0.000,0.000,0.000,0.001,0.000,0.000,0.000,0.000,NaN,NaN
14.000,-1.780,-2.188,31.942,32.163,1026.384,5.580,0.990,1010.251,0.200,0.198,78.700,100.067,99.868,99.870,383.531,18.749,684.279,387.126,18.923,690.049,-0.000,0.000,0.000,0.000,0.000,0.064,0.000,0.000,0.000,0.000,0.000,0.000,0.000,0.000,0.000,0.000,0.000,0.000,0.000,0.001,0.001,0.001,0.000,0.000,0.000,0.000,NaN,NaN
15.000,-1.790,-2.198,31.942,32.163,1026.375,8.030,0.990,1004.025,0.216,0.213,76.809,100.459,100.242,100.246,382.100,18.679,681.712,387.232,18.928,690.224,-0.000,0.000,0.000,0.000,0.000,0.065,0.000,-0.000,0.000,0.000,0.000,0.000,0.000,-0.000,0.000,0.000,0.000,0.000,0.000,0.003,0.003,0.004,0.000,0.000,0.000,0.000,NaN,NaN
16.000,-1.780,-2.188,31.942,32.163,1026.365,5.918,0.996,999.346,0.233,0.228,74.915,101.071,100.836,100.842,379.848,18.569,677.681,387.126,18.923,690.049,-0.001,0.000,0.000,0.000,0.000,0.067,0.000,-0.000,0.000,0.000,0.000,0.000,0.000,-0.002,0.000,0.000,0.000,0.000,0.000,0.001,0.001,0.002,0.000,0.000,0.000,0.000,NaN,NaN
17.000,-1.776,-2.183,31.942,32.163,1026.356,3.595,1.000,1000.628,0.251,0.247,73.023,101.590,101.335,101.339,377.975,18.477,674.353,387.081,18.921,689.976,-0.000,0.000,0.000,0.000,0.000,0.068,0.000,-0.000,0.000,0.000,0.000,0.000,0.000,-0.001,0.000,0.000,0.000,0.000,0.000,0.000,0.000,0.000,0.000,0.000,0.000,0.000,NaN,NaN
18.000,-1.776,-2.183,31.942,32.163,1026.347,5.796,0.996,1004.230,0.269,0.266,71.140,101.489,101.217,101.220,378.417,18.499,675.147,387.081,18.921,689.976,-0.000,0.000,0.000,0.000,0.000,0.070,0.000,-0.000,0.000,0.000,0.000,0.000,0.000,-0.000,0.000,0.000,0.000,0.000,0.000,0.001,0.001,0.002,0.000,0.000,0.000,0.000,NaN,NaN
19.000,-1.766,-2.173,31.942,32.163,1026.338,2.530,0.996,1005.577,0.287,0.284,69.272,101.143,100.854,100.857,379.779,18.565,677.577,386.975,18.916,689.801,-0.000,0.000,0.000,0.000,0.000,0.072,0.000,-0.000,0.000,0.000,0.000,0.000,0.000,-0.000,0.000,0.000,0.000,0.000,0.000,0.000,0.000,0.000,0.000,0.000,0.000,0.000,NaN,NaN
20.000,-1.760,-2.168,31.942,32.163,1026.329,4.185,0.996,1001.802,0.306,0.305,67.426,101.054,100.746,100.747,380.186,18.585,678.316,386.914,18.913,689.699,-0.000,0.000,0.000,0.000,0.000,0.074,0.000,-0.000,0.000,0.000,0.000,0.000,0.000,-0.000,0.000,0.000,0.000,0.000,0.000,0.000,0.000,0.001,0.000,0.000,0.000,0.000,NaN,NaN
21.000,-1.760,-2.168,31.942,32.163,1026.320,7.280,0.992,1006.393,0.326,0.325,65.606,101.471,101.141,101.141,378.699,18.513,675.670,386.914,18.913,689.699,-0.000,0.000,0.000,0.000,0.000,0.076,0.000,-0.000,0.000,0.000,0.000,0.000,0.000,-0.000,0.000,0.000,0.000,0.000,0.000,0.002,0.002,0.003,0.000,0.000,0.000,0.000,NaN,NaN
22.000,-1.760,-2.168,31.942,32.163,1026.311,14.130,0.990,992.652,0.345,0.345,63.820,101.027,100.680,100.680,380.434,18.597,678.767,386.914,18.913,689.699,-0.001,0.000,0.000,0.000,0.000,0.078,0.000,-0.000,0.000,0.000,0.000,0.000,0.000,-0.001,0.000,0.000,0.000,0.000,0.000,0.013,0.012,0.019,0.000,0.000,0.000,0.000,NaN,NaN
23.000,-1.760,-2.168,31.942,32.163,1026.303,5.274,0.990,994.779,0.366,0.365,62.074,102.444,102.071,102.071,375.240,18.344,669.499,386.914,18.913,689.699,-0.010,0.000,0.000,0.000,0.000,0.081,0.000,-0.000,0.000,0.000,0.000,0.000,0.000,-0.014,0.000,0.000,0.000,0.000,0.000,0.001,0.001,0.001,0.000,0.000,0.000,0.000,NaN,NaN
24.000,-1.760,-2.168,31.942,32.163,1026.294,5.108,0.990,1003.192,0.387,0.386,60.373,102.246,101.852,101.853,376.044,18.383,670.933,386.914,18.913,689.699,-0.002,0.000,0.000,0.000,0.000,0.083,0.000,-0.000,0.000,0.000,0.000,0.000,0.000,-0.002,0.000,0.000,0.000,0.000,0.000,0.001,0.001,0.001,0.000,0.000,0.000,0.000,NaN,NaN
25.000,-1.760,-2.168,31.942,32.163,1026.286,3.415,0.990,1004.201,0.408,0.408,58.725,101.410,100.998,100.999,379.224,18.538,676.608,386.914,18.913,689.699,-0.001,0.000,0.000,0.000,0.000,0.085,0.000,-0.000,0.000,0.000,0.000,0.000,0.000,-0.001,0.000,0.000,0.000,0.000,0.000,0.000,0.000,0.000,0.000,0.000,0.000,0.000,NaN,NaN
26.000,-1.760,-2.168,31.942,32.163,1026.279,4.159,0.990,1008.171,0.431,0.430,57.134,101.331,100.896,100.897,379.606,18.557,677.288,386.914,18.913,689.699,-0.000,0.000,0.000,0.000,0.000,0.088,0.000,-0.000,0.000,0.000,0.000,0.000,0.000,-0.001,0.000,0.000,0.000,0.000,0.000,0.000,0.000,0.001,0.000,0.000,0.000,0.000,NaN,NaN
27.000,-1.760,-2.168,31.942,32.163,1026.271,5.248,0.990,999.508,0.453,0.453,55.607,100.955,100.499,100.500,381.106,18.630,679.966,386.914,18.913,689.699,-0.000,0.000,0.000,0.000,0.000,0.090,0.000,-0.000,0.000,0.000,0.000,0.000,0.000,-0.000,0.000,0.000,0.000,0.000,0.000,0.001,0.001,0.001,0.000,0.000,0.000,0.000,NaN,NaN
28.000,-1.760,-2.168,31.942,32.163,1026.264,2.304,0.990,1003.018,0.477,0.476,54.151,101.853,101.370,101.371,377.831,18.470,674.123,386.914,18.913,689.699,-0.001,0.000,0.000,0.000,0.000,0.092,0.000,-0.000,0.000,0.000,0.000,0.000,0.000,-0.002,0.000,0.000,0.000,0.000,0.000,0.000,0.000,0.000,0.000,0.000,0.000,0.000,NaN,NaN
29.000,-1.760,-2.168,31.942,32.163,1026.258,1.064,0.990,1011.738,0.501,0.500,52.771,101.521,101.015,101.016,379.158,18.535,676.490,386.914,18.913,689.699,-0.000,0.000,0.000,0.000,0.000,0.095,0.000,-0.000,0.000,0.000,0.000,0.000,0.000,-0.000,0.000,0.000,0.000,0.000,0.000,0.000,0.000,0.000,0.000,0.000,0.000,0.000,NaN,NaN
30.000,-1.760,-2.168,31.942,32.163,1026.251,4.807,0.990,1011.650,0.526,0.525,51.474,100.671,100.144,100.145,382.455,18.696,682.372,386.914,18.913,689.699,-0.000,0.000,0.000,0.000,0.000,0.097,0.000,-0.000,0.000,0.000,0.000,0.000,0.000,-0.000,0.000,0.000,0.000,0.000,0.000,0.001,0.001,0.001,0.000,0.000,0.000,0.000,NaN,NaN
31.000,-1.760,-2.168,31.942,32.163,1026.245,9.407,0.990,983.551,0.551,0.550,50.266,100.705,100.153,100.154,382.421,18.695,682.312,386.914,18.913,689.699,-0.000,0.000,0.000,0.000,0.000,0.099,0.000,-0.000,0.000,0.000,0.000,0.000,0.000,-0.000,0.000,0.000,0.000,0.000,0.000,0.004,0.004,0.006,0.000,0.000,0.000,0.000,NaN,NaN
32.000,-1.760,-2.168,31.942,32.163,1026.240,3.452,0.990,1006.667,0.577,0.576,49.150,103.606,103.012,103.013,371.800,18.175,663.361,386.914,18.913,689.699,-0.008,0.000,0.000,0.000,0.000,0.102,0.000,-0.000,0.000,0.000,0.000,0.000,0.000,-0.012,0.000,0.000,0.000,0.000,0.000,0.000,0.000,0.000,0.000,0.000,0.000,0.000,NaN,NaN
33.000,-1.760,-2.168,31.942,32.163,1026.235,5.437,0.990,1017.482,0.603,0.602,48.125,101.254,100.646,100.648,380.538,18.603,678.952,386.914,18.913,689.699,-0.001,0.000,0.000,0.000,0.000,0.104,0.000,-0.000,0.000,0.000,0.000,0.000,0.000,-0.000,0.000,0.000,0.000,0.000,0.000,0.001,0.001,0.001,0.000,0.000,0.000,0.000,NaN,NaN
34.000,-1.760,-2.168,31.942,32.163,1026.231,3.250,0.990,1005.315,0.630,0.629,47.185,100.204,99.577,99.578,384.626,18.802,686.246,386.914,18.913,689.699,-0.000,0.000,0.000,0.000,0.000,0.106,0.000,0.000,0.000,0.000,0.000,0.000,0.000,0.001,0.000,0.000,0.000,0.000,0.000,0.000,0.000,0.000,0.000,0.000,0.000,0.000,NaN,NaN
35.000,-1.760,-2.168,31.942,32.163,1026.226,2.346,0.990,1006.321,0.658,0.657,46.326,101.445,100.782,100.783,380.027,18.578,678.040,386.914,18.913,689.699,-0.001,0.000,0.000,0.000,0.000,0.108,0.000,-0.000,0.000,0.000,0.000,0.000,0.000,-0.001,0.000,0.000,0.000,0.000,0.000,0.000,0.000,0.000,0.000,0.000,0.000,0.000,NaN,NaN
36.000,-1.764,-2.172,31.942,32.163,1026.223,1.849,0.990,1017.617,0.686,0.685,45.542,101.372,100.681,100.682,380.407,18.596,678.718,386.958,18.915,689.773,-0.000,0.000,0.000,0.000,0.000,0.110,0.000,-0.000,0.000,0.000,0.000,0.000,0.000,-0.000,0.000,0.000,0.000,0.000,0.000,0.000,0.000,0.000,0.000,0.000,0.000,0.000,NaN,NaN
37.000,-1.774,-2.182,31.942,32.163,1026.219,7.701,0.990,1021.976,0.715,0.713,44.829,100.263,99.552,99.554,384.721,18.807,686.410,387.064,18.920,689.948,-0.000,0.000,0.000,0.000,0.000,0.112,0.000,0.000,0.000,0.000,0.000,0.000,0.000,0.000,0.000,0.000,0.000,0.000,0.000,0.002,0.002,0.003,0.000,0.000,0.000,0.000,NaN,NaN
38.000,-1.776,-2.183,31.942,32.163,1026.216,7.928,0.992,1025.578,0.743,0.739,44.181,99.838,99.101,99.105,386.474,18.893,689.523,387.083,18.921,689.979,0.000,0.000,0.000,0.000,0.000,0.113,0.000,0.000,0.000,0.000,0.000,0.000,0.000,0.003,0.000,0.000,0.000,0.000,0.000,0.003,0.002,0.004,0.000,0.000,0.000,0.000,NaN,NaN
39.000,-1.778,-2.186,31.942,32.163,1026.213,8.581,0.994,1021.169,0.772,0.768,43.595,99.512,98.749,98.753,387.854,18.960,691.984,387.109,18.922,690.021,0.001,0.000,0.000,0.000,0.000,0.115,0.000,0.000,0.000,0.000,0.000,0.000,0.000,0.003,0.000,0.000,0.000,0.000,0.000,0.003,0.003,0.005,0.000,0.000,0.000,0.000,NaN,NaN
40.000,-1.778,-2.186,31.942,32.163,1026.211,7.923,0.994,1017.156,0.802,0.797,43.065,99.964,99.169,99.174,386.213,18.880,689.051,387.109,18.922,690.021,0.000,0.000,0.000,0.000,0.000,0.116,0.000,0.000,0.000,0.000,0.000,0.000,0.000,0.002,0.000,0.000,0.000,0.000,0.000,0.003,0.002,0.004,0.000,0.000,0.000,0.000,NaN,NaN
41.000,-1.778,-2.186,31.942,32.163,1026.209,11.577,0.994,1012.405,0.832,0.828,42.586,100.389,99.561,99.565,384.695,18.806,686.344,387.109,18.922,690.021,-0.000,0.000,0.000,0.000,0.000,0.117,0.000,0.000,0.000,0.000,0.000,0.000,0.000,0.001,0.000,0.000,0.000,0.000,0.000,0.007,0.006,0.010,0.000,0.000,0.000,0.000,NaN,NaN
42.000,-1.778,-2.186,31.942,32.163,1026.206,8.777,0.994,1006.121,0.862,0.858,42.153,100.890,100.028,100.032,382.898,18.718,683.138,387.109,18.922,690.021,-0.002,0.000,0.000,0.000,0.000,0.119,0.000,-0.000,0.000,0.000,0.000,0.000,0.000,-0.000,0.000,0.000,0.000,0.000,0.000,0.003,0.003,0.005,0.000,0.000,0.000,0.000,NaN,NaN
43.000,-1.776,-2.183,31.942,32.163,1026.204,12.970,0.994,997.826,0.893,0.888,41.763,101.551,100.652,100.657,380.521,18.602,678.897,387.083,18.921,689.979,-0.002,0.000,0.000,0.000,0.000,0.120,0.000,-0.000,0.000,0.000,0.000,0.000,0.000,-0.002,0.000,0.000,0.000,0.000,0.000,0.010,0.009,0.014,0.000,0.000,0.000,0.000,NaN,NaN
44.000,-1.766,-2.173,31.942,32.163,1026.203,5.487,0.994,1008.445,0.923,0.919,41.409,102.432,101.495,101.499,377.359,18.447,673.259,386.977,18.916,689.804,-0.007,0.000,0.000,0.000,0.000,0.121,0.000,-0.000,0.000,0.000,0.000,0.000,0.000,-0.008,0.000,0.000,0.000,0.000,0.000,0.001,0.001,0.001,0.000,0.000,0.000,0.000,NaN,NaN
45.000,-1.761,-2.168,31.942,32.163,1026.201,2.600,0.994,1016.927,0.955,0.953,41.087,101.412,100.453,100.455,381.272,18.638,680.253,386.923,18.913,689.714,-0.001,0.000,0.000,0.000,0.000,0.122,0.000,-0.000,0.000,0.000,0.000,0.000,0.000,-0.000,0.000,0.000,0.000,0.000,0.000,0.000,0.000,0.000,0.000,0.000,0.000,0.000,NaN,NaN
46.000,-1.764,-2.172,31.942,32.163,1026.200,2.732,0.992,1015.980,0.987,0.985,40.793,100.612,99.629,99.630,384.425,18.793,685.886,386.958,18.915,689.773,-0.000,0.000,0.000,0.000,0.000,0.123,0.000,0.000,0.000,0.000,0.000,0.000,0.000,0.000,0.000,0.000,0.000,0.000,0.000,0.000,0.000,0.000,0.000,0.000,0.000,0.000,NaN,NaN
47.000,-1.768,-2.176,31.942,32.163,1026.198,0.856,0.992,1014.481,1.019,1.017,40.520,100.728,99.712,99.714,384.102,18.777,685.305,387.003,18.917,689.846,-0.000,0.000,0.000,0.000,0.000,0.123,0.000,0.000,0.000,0.000,0.000,0.000,0.000,0.000,0.000,0.000,0.000,0.000,0.000,0.000,0.000,0.000,0.000,0.000,0.000,0.000,NaN,NaN
48.000,-1.768,-2.176,31.942,32.163,1026.197,0.332,0.992,1007.151,1.051,1.048,40.265,100.898,99.848,99.851,383.579,18.751,684.367,387.003,18.917,689.846,-0.000,0.000,0.000,0.000,0.000,0.124,0.000,0.000,0.000,0.000,0.000,0.000,0.000,0.000,0.000,0.000,0.000,0.000,0.000,0.000,0.000,0.000,0.000,0.000,0.000,0.000,NaN,NaN
49.000,-1.778,-2.186,31.942,32.163,1026.196,3.401,0.992,1004.102,1.083,1.080,40.023,101.665,100.575,100.578,380.808,18.616,679.422,387.109,18.922,690.021,-0.000,0.000,0.000,-0.000,-0.000,0.125,0.000,-0.000,0.000,0.000,0.000,0.000,0.000,-0.000,0.000,0.000,0.000,0.000,0.000,0.000,0.000,0.000,0.000,0.000,0.000,0.000,NaN,NaN
50.000,-1.782,-2.189,31.942,32.163,1026.195,4.810,0.992,1007.163,1.115,1.111,39.788,101.978,100.853,100.858,379.758,18.564,677.535,387.144,18.924,690.080,-0.001,0.000,0.000,-0.000,-0.000,0.126,0.000,-0.000,0.000,0.000,0.000,0.000,0.000,-0.001,0.000,0.000,0.000,0.000,0.000,0.001,0.001,0.001,0.000,0.000,0.000,0.000,NaN,NaN
51.000,-1.780,-2.188,31.942,32.163,1026.194,9.771,0.994,1007.314,1.148,1.143,39.557,101.692,100.538,100.543,380.950,18.623,679.658,387.126,18.923,690.049,-0.001,0.000,0.000,-0.000,-0.000,0.126,0.000,-0.000,0.000,0.000,0.000,0.000,0.000,-0.001,0.000,0.000,0.000,0.000,0.000,0.004,0.004,0.006,0.000,0.000,0.000,0.000,NaN,NaN
52.000,-1.774,-2.182,31.942,32.163,1026.193,5.115,0.994,1011.574,1.180,1.175,39.323,101.714,100.527,100.532,380.989,18.625,679.730,387.064,18.920,689.948,-0.003,0.000,0.000,-0.000,-0.000,0.127,0.000,-0.000,0.000,0.000,0.000,0.000,0.000,-0.002,0.000,0.000,0.000,0.000,0.000,0.001,0.001,0.001,0.000,0.000,0.000,0.000,NaN,NaN
53.000,-1.762,-2.169,31.942,32.163,1026.191,3.812,0.994,1015.657,1.214,1.210,39.083,101.334,100.119,100.123,382.540,18.700,682.504,386.933,18.914,689.730,-0.001,0.000,0.000,-0.000,-0.000,0.128,0.000,-0.000,0.000,0.000,0.000,0.000,0.000,-0.000,0.000,0.000,0.000,0.000,0.000,0.000,0.000,0.001,0.000,0.000,0.000,0.000,NaN,NaN
54.000,-1.760,-2.168,31.942,32.163,1026.190,4.954,0.994,1018.031,1.247,1.245,38.831,100.994,99.750,99.752,383.955,18.770,685.045,386.914,18.913,689.699,-0.000,0.000,0.000,-0.000,-0.000,0.129,0.000,0.000,0.000,0.000,0.000,0.000,0.000,0.000,0.000,0.000,0.000,0.000,0.000,0.001,0.001,0.001,0.000,0.000,0.000,0.000,NaN,NaN
55.000,-1.760,-2.168,31.942,32.163,1026.189,3.664,0.990,1014.061,1.281,1.279,38.563,100.797,99.522,99.524,384.833,18.813,686.616,386.914,18.913,689.699,-0.000,0.000,0.000,-0.000,-0.000,0.130,0.000,0.000,0.000,0.000,0.000,0.000,0.000,0.000,0.000,0.000,0.000,0.000,0.000,0.000,0.000,0.000,0.000,0.000,0.000,0.000,NaN,NaN
56.000,-1.760,-2.168,31.942,32.163,1026.187,6.566,0.990,1022.020,1.314,1.313,38.274,101.225,99.912,99.913,383.333,18.739,683.938,386.914,18.913,689.699,-0.001,0.000,0.000,-0.000,-0.000,0.131,0.000,0.000,0.000,0.000,0.000,0.000,0.000,0.000,0.000,0.000,0.000,0.000,0.000,0.002,0.001,0.002,0.000,0.000,0.000,0.000,NaN,NaN
57.000,-1.760,-2.168,31.942,32.163,1026.186,1.548,0.990,1021.235,1.348,1.346,37.958,100.470,99.134,99.136,386.341,18.886,689.307,386.914,18.913,689.699,-0.001,0.000,0.000,-0.000,-0.000,0.132,0.000,0.000,0.000,0.000,0.000,0.000,0.000,0.002,0.000,0.000,0.000,0.000,0.000,0.000,0.000,0.000,0.000,0.000,0.000,0.000,NaN,NaN
58.000,-1.760,-2.168,31.942,32.163,1026.184,2.834,0.990,1013.680,1.382,1.381,37.611,100.582,99.211,99.212,386.045,18.872,688.777,386.914,18.913,689.699,-0.000,0.000,0.000,-0.000,-0.000,0.133,0.000,0.000,0.000,0.000,0.000,0.000,0.000,0.000,0.000,0.000,0.000,0.000,0.000,0.000,0.000,0.000,0.000,0.000,0.000,0.000,NaN,NaN
59.000,-1.752,-2.160,31.942,32.163,1026.182,1.663,0.990,1012.286,1.417,1.415,37.229,101.366,99.950,99.951,383.189,18.732,683.681,386.834,18.909,689.567,-0.001,0.000,0.000,-0.000,-0.000,0.134,0.000,0.000,0.000,0.000,0.000,0.000,0.000,0.000,0.000,0.000,0.000,0.000,0.000,0.000,0.000,0.000,0.000,0.000,0.000,0.000,NaN,NaN
60.000,-1.750,-2.158,31.942,32.163,1026.180,5.206,0.990,1025.846,1.452,1.452,36.806,101.561,100.108,100.108,382.583,18.703,682.611,386.808,18.908,689.524,-0.000,0.000,0.000,-0.000,-0.000,0.136,0.000,-0.000,0.000,0.000,0.000,0.000,0.000,-0.000,0.000,0.000,0.000,0.000,0.000,0.001,0.001,0.001,0.000,0.000,0.000,0.000,NaN,NaN
61.000,-1.740,-2.148,31.942,32.163,1026.178,5.823,0.990,1027.368,1.487,1.487,36.338,100.261,98.792,98.791,387.682,18.952,691.712,386.703,18.902,689.350,-0.000,0.000,0.000,-0.000,-0.000,0.138,0.000,0.000,0.000,0.000,0.000,0.000,0.000,0.002,0.000,0.000,0.000,0.000,0.000,0.001,0.001,0.002,0.000,0.000,0.000,0.000,NaN,NaN
62.000,-1.732,-2.140,31.942,32.163,1026.175,5.908,0.990,1022.046,1.522,1.525,35.820,100.175,98.672,98.670,388.152,18.975,692.565,386.623,18.899,689.217,-0.000,0.000,0.000,-0.000,-0.000,0.140,0.000,0.000,0.000,0.000,0.000,0.000,0.000,0.003,0.000,0.000,0.000,0.000,0.000,0.001,0.001,0.002,0.000,0.000,0.000,0.000,NaN,NaN
63.000,-1.729,-2.137,31.942,32.163,1026.172,3.962,0.984,1016.800,1.558,1.562,35.256,100.753,99.207,99.203,386.062,18.873,688.846,386.587,18.897,689.159,-0.001,0.000,0.000,-0.000,-0.000,0.142,0.000,0.000,0.000,0.000,0.000,0.000,0.000,0.002,0.000,0.000,0.000,0.000,0.000,0.000,0.000,0.001,0.000,0.000,0.000,0.000,NaN,NaN
64.000,-1.724,-2.132,31.942,32.163,1026.169,0.805,0.984,1019.167,1.595,1.599,34.648,101.318,99.728,99.723,384.046,18.774,685.252,386.536,18.894,689.074,-0.002,0.000,0.000,-0.000,-0.000,0.144,0.000,0.000,0.000,0.000,0.000,0.000,0.000,0.001,0.000,0.000,0.000,0.000,0.000,0.000,0.000,0.000,0.000,0.000,0.000,0.000,NaN,NaN
65.000,-1.712,-2.120,31.942,32.163,1026.166,1.579,0.984,1026.964,1.633,1.638,33.999,101.134,99.509,99.504,384.889,18.815,686.763,386.411,18.888,688.868,-0.000,0.000,0.000,-0.000,-0.000,0.147,0.000,0.000,0.000,0.000,0.000,0.000,0.000,0.000,0.000,0.000,0.000,0.000,0.000,0.000,0.000,0.000,0.000,0.000,0.000,0.000,99.510,99.517
66.000,-1.710,-2.118,31.942,32.163,1026.162,3.098,0.982,1028.767,1.671,1.679,33.314,100.436,98.785,98.778,387.710,18.953,691.813,386.386,18.887,688.826,-0.000,0.000,0.000,-0.000,-0.000,0.150,0.000,0.000,0.000,0.000,0.000,0.000,0.000,0.001,0.000,0.000,0.000,0.000,0.000,0.000,0.000,0.000,0.000,0.000,0.000,0.000,98.785,98.791
67.000,-1.720,-2.128,31.942,32.163,1026.159,4.840,0.980,1029.795,1.710,1.718,32.595,100.305,98.619,98.611,388.365,18.985,692.985,386.491,18.892,689.000,-0.000,0.000,0.000,-0.000,-0.000,0.153,0.000,0.000,0.000,0.000,0.000,0.000,0.000,0.002,0.000,0.000,0.000,0.000,0.000,0.001,0.001,0.001,0.000,0.000,0.000,0.000,98.618,98.621
68.000,-1.727,-2.134,31.942,32.163,1026.156,2.425,0.980,1025.700,1.749,1.755,31.846,100.217,98.495,98.489,388.858,19.009,693.852,386.561,18.896,689.116,-0.000,0.000,0.000,-0.000,-0.000,0.157,0.000,0.000,0.000,0.000,0.000,0.000,0.000,0.006,0.000,0.000,0.000,0.000,0.000,0.000,0.000,0.000,0.000,0.000,0.000,0.000,98.494,98.495
69.000,-1.734,-2.142,31.942,32.163,1026.152,1.335,0.980,1021.775,1.789,1.794,31.069,100.639,98.871,98.866,387.382,18.937,691.208,386.641,18.899,689.248,-0.001,0.000,0.000,-0.000,-0.000,0.161,0.000,0.000,0.000,0.000,0.000,0.000,0.000,0.002,0.000,0.000,0.000,0.000,0.000,0.000,0.000,0.000,0.000,0.000,0.000,0.000,98.870,98.873
70.000,-1.734,-2.142,31.942,32.163,1026.148,0.196,0.984,1022.487,1.830,1.834,30.269,101.047,99.230,99.227,385.978,18.869,688.694,386.641,18.899,689.248,-0.001,0.000,0.000,-0.000,-0.000,0.165,0.000,0.000,0.000,0.000,0.000,0.000,0.000,0.001,0.000,0.000,0.000,0.000,0.000,0.000,0.000,0.000,0.000,0.000,0.000,0.000,99.231,99.234
71.000,-1.734,-2.142,31.942,32.163,1026.144,6.041,0.984,1019.419,1.873,1.877,29.449,101.019,99.161,99.158,386.247,18.882,689.174,386.641,18.899,689.248,-0.000,0.000,0.000,-0.000,-0.000,0.170,0.000,0.000,0.000,0.000,0.000,0.000,0.000,0.001,0.000,0.000,0.000,0.000,0.000,0.001,0.001,0.002,0.000,0.000,0.000,0.000,99.161,99.161
72.000,-1.734,-2.142,31.942,32.163,1026.140,5.720,0.984,1013.704,1.916,1.920,28.612,101.366,99.460,99.456,385.088,18.825,687.106,386.641,18.899,689.248,-0.004,0.000,0.000,-0.000,-0.000,0.175,0.000,0.000,0.000,0.000,0.000,0.000,0.000,0.003,0.000,0.000,0.000,0.000,0.000,0.001,0.001,0.002,0.000,0.000,0.000,0.000,99.460,99.460
73.000,-1.734,-2.142,31.942,32.163,1026.136,8.264,0.984,1010.047,1.961,1.965,27.761,101.982,100.021,100.017,382.930,18.720,683.254,386.641,18.899,689.248,-0.005,0.000,0.000,-0.000,-0.000,0.180,0.000,-0.000,0.000,0.000,0.000,0.000,0.000,-0.000,0.000,0.000,0.000,0.000,0.000,0.003,0.003,0.004,0.000,0.000,0.000,0.000,100.021,100.021
74.000,-1.738,-2.146,31.942,32.163,1026.132,4.228,0.984,1014.703,2.005,2.009,26.900,102.395,100.383,100.379,381.548,18.652,680.790,386.686,18.902,689.322,-0.013,0.000,0.000,-0.000,-0.000,0.186,0.000,-0.000,0.000,0.000,0.000,0.000,0.000,-0.003,0.000,0.000,0.000,0.000,0.000,0.000,0.000,0.001,0.000,0.000,0.000,0.000,100.382,100.386
75.000,-1.738,-2.146,31.942,32.163,1026.128,2.026,0.984,1021.153,2.052,2.056,26.032,101.961,99.911,99.908,383.351,18.740,684.000,386.686,18.902,689.322,-0.003,0.000,0.000,-0.000,-0.000,0.192,0.000,0.000,0.000,0.000,0.000,0.000,0.000,0.000,0.000,0.000,0.000,0.000,0.000,0.000,0.000,0.000,0.000,0.000,0.000,0.000,99.911,99.919
76.000,-1.744,-2.152,31.942,32.163,1026.123,3.439,0.987,1023.931,2.102,2.105,25.160,101.367,99.280,99.277,385.788,18.859,688.348,386.747,18.905,689.423,-0.001,0.000,0.000,-0.000,-0.000,0.199,0.000,0.000,0.000,0.000,0.000,0.000,0.000,0.001,0.000,0.000,0.000,0.000,0.000,0.000,0.000,0.000,0.000,0.000,0.000,0.000,99.279,99.288
77.000,-1.750,-2.158,31.942,32.163,1026.119,3.247,0.990,1025.658,2.153,2.155,24.288,101.127,98.995,98.993,386.898,18.914,690.321,386.808,18.908,689.524,-0.001,0.000,0.000,-0.000,-0.000,0.206,0.000,0.000,0.000,0.000,0.000,0.000,0.000,0.002,0.000,0.000,0.000,0.000,0.000,0.000,0.000,0.000,0.000,0.000,0.000,0.000,98.995,99.003
78.000,-1.750,-2.158,31.942,32.163,1026.115,3.278,0.987,1024.740,2.206,2.207,23.419,100.994,98.814,98.812,387.611,18.948,691.586,386.808,18.908,689.524,-0.001,0.000,0.000,-0.000,-0.000,0.214,0.000,0.000,0.000,0.000,0.000,0.000,0.000,0.002,0.000,0.000,0.000,0.000,0.000,0.000,0.000,0.000,0.000,0.000,0.000,0.000,98.814,98.820
79.000,-1.752,-2.160,31.942,32.163,1026.111,1.672,0.990,1022.692,2.261,2.263,22.556,101.139,98.902,98.901,387.265,18.931,690.967,386.834,18.909,689.567,-0.001,0.000,0.000,-0.000,-0.000,0.222,0.000,0.000,0.000,0.000,0.000,0.000,0.000,0.002,0.000,0.000,0.000,0.000,0.000,0.000,0.000,0.000,0.000,0.000,0.000,0.000,98.902,98.907
80.000,-1.752,-2.160,31.942,32.163,1026.107,1.426,0.990,1027.672,2.319,2.320,21.703,101.392,99.094,99.093,386.516,18.895,689.629,386.834,18.909,689.567,-0.001,0.000,0.000,-0.000,-0.000,0.230,0.000,0.000,0.000,0.000,0.000,0.000,0.000,0.001,0.000,0.000,0.000,0.000,0.000,0.000,0.000,0.000,0.000,0.000,0.000,0.000,99.094,99.100
81.000,-1.750,-2.158,31.942,32.163,1026.103,5.918,0.990,1025.879,2.379,2.380,20.863,100.960,98.614,98.613,388.398,18.987,692.987,386.808,18.908,689.524,-0.000,0.000,0.000,-0.000,-0.000,0.240,0.000,0.000,0.000,0.000,0.000,0.000,0.000,0.001,0.000,0.000,0.000,0.000,0.000,0.001,0.001,0.002,0.000,0.000,0.000,0.000,98.614,98.618
82.000,-1.746,-2.153,31.942,32.163,1026.099,1.204,0.990,1015.592,2.440,2.441,20.039,101.204,98.794,98.792,387.695,18.952,691.735,386.764,18.905,689.451,-0.003,0.000,0.000,-0.000,-0.000,0.250,0.000,0.000,0.000,0.000,0.000,0.000,0.000,0.005,0.000,0.000,0.000,0.000,0.000,0.000,0.000,0.000,0.000,0.000,0.000,0.000,98.794,98.806
83.000,-1.744,-2.152,31.942,32.163,1026.095,4.916,0.990,1016.154,2.505,2.507,19.235,102.306,99.806,99.804,383.764,18.760,684.727,386.745,18.904,689.420,-0.001,0.000,0.000,-0.000,-0.000,0.260,0.000,0.000,0.000,0.000,0.000,0.000,0.000,0.000,0.000,0.000,0.000,0.000,0.000,0.001,0.001,0.001,0.000,0.000,0.000,0.000,99.806,99.817
84.000,-1.744,-2.152,31.942,32.163,1026.091,4.833,0.988,1015.170,2.571,2.574,18.454,102.320,99.755,99.753,383.958,18.770,685.075,386.745,18.904,689.420,-0.004,0.000,0.000,-0.000,-0.000,0.271,0.000,0.000,0.000,0.000,0.000,0.000,0.000,0.001,0.000,0.000,0.000,0.000,0.000,0.001,0.001,0.001,0.000,0.000,0.000,0.000,99.755,99.762
85.000,-1.744,-2.152,31.942,32.163,1026.087,1.868,0.988,1017.502,2.640,2.643,17.700,102.489,99.852,99.850,383.586,18.752,684.412,386.745,18.904,689.420,-0.006,0.000,0.000,-0.000,-0.000,0.282,0.000,0.000,0.000,0.000,0.000,0.000,0.000,0.001,0.000,0.000,0.000,0.000,0.000,0.000,0.000,0.000,0.000,0.000,0.000,0.000,99.852,99.859
86.000,-1.748,-2.156,31.942,32.163,1026.084,0.606,0.988,1017.889,2.714,2.716,16.975,102.327,99.624,99.621,384.467,18.795,685.984,386.790,18.907,689.494,-0.002,0.000,0.000,-0.000,-0.000,0.295,0.000,0.000,0.000,0.000,0.000,0.000,0.000,0.001,0.000,0.000,0.000,0.000,0.000,0.000,0.000,0.000,0.000,0.000,0.000,0.000,99.623,99.627
87.000,-1.756,-2.163,31.942,32.163,1026.081,2.445,0.988,1021.223,2.790,2.792,16.283,102.353,99.574,99.573,384.657,18.804,686.317,386.870,18.910,689.626,-0.001,0.000,0.000,-0.000,-0.000,0.307,0.000,0.000,0.000,0.000,0.000,0.000,0.000,0.000,0.000,0.000,0.000,0.000,0.000,0.000,0.000,0.000,0.000,0.000,0.000,0.000,99.574,99.584
88.000,-1.750,-2.158,31.942,32.163,1026.077,5.522,0.990,1021.550,2.869,2.870,15.628,102.076,99.229,99.229,385.996,18.869,688.696,386.808,18.908,689.524,-0.002,0.000,0.000,-0.000,-0.000,0.320,0.000,0.000,0.000,0.000,0.000,0.000,0.000,0.001,0.000,0.000,0.000,0.000,0.000,0.001,0.001,0.001,0.000,0.000,0.000,0.000,99.230,99.238
89.000,-1.750,-2.158,31.942,32.163,1026.074,3.929,0.990,1018.520,2.950,2.952,15.012,102.141,99.214,99.212,386.059,18.872,688.816,386.808,18.908,689.524,-0.006,0.000,0.000,-0.000,-0.000,0.333,0.000,0.000,0.000,0.000,0.000,0.000,0.000,0.004,0.000,0.000,0.000,0.000,0.000,0.000,0.000,0.001,0.000,0.000,0.000,0.000,99.214,99.216
90.000,-1.742,-2.150,31.942,32.163,1026.071,2.259,0.990,1020.090,3.036,3.038,14.439,102.530,99.509,99.508,384.914,18.817,686.773,386.728,18.904,689.392,-0.004,0.000,0.000,-0.000,-0.000,0.346,0.000,0.000,0.000,0.000,0.000,0.000,0.000,0.001,0.000,0.000,0.000,0.000,0.000,0.000,0.000,0.000,0.000,0.000,0.000,0.000,99.510,99.512
91.000,-1.708,-2.115,31.942,32.163,1026.068,2.458,0.990,1021.869,3.126,3.129,13.913,102.483,99.377,99.373,385.428,18.842,687.701,386.360,18.886,688.783,-0.002,0.000,0.000,-0.000,-0.000,0.359,0.000,0.000,0.000,0.000,0.000,0.000,0.000,0.001,0.000,0.000,0.000,0.000,0.000,0.000,0.000,0.000,0.000,0.000,0.000,0.000,99.380,99.403
92.000,-1.666,-2.073,31.942,32.163,1026.065,2.741,0.990,1023.808,3.220,3.229,13.436,102.494,99.297,99.288,385.735,18.857,688.296,385.921,18.865,688.058,-0.003,0.000,0.000,-0.000,-0.000,0.372,0.000,0.000,0.000,0.000,0.000,0.000,0.000,0.001,0.000,0.000,0.000,0.000,0.000,0.000,0.000,0.000,0.000,0.000,0.000,0.000,99.301,99.308
93.000,-1.643,-2.050,31.942,32.163,1026.063,2.462,0.980,1023.536,3.317,3.334,13.011,102.511,99.220,99.204,386.031,18.872,688.882,385.675,18.853,687.651,-0.003,0.000,0.000,-0.000,-0.000,0.384,0.000,0.000,0.000,0.000,0.000,0.000,0.000,0.002,0.000,0.000,0.000,0.000,0.000,0.000,0.000,0.000,0.000,0.000,0.000,0.000,99.222,99.221
94.000,-1.637,-2.044,31.942,32.163,1026.061,1.202,0.970,1023.096,3.416,3.437,12.638,102.701,99.309,99.288,385.685,18.855,688.295,385.614,18.850,687.551,-0.006,0.000,0.000,-0.000,-0.000,0.396,0.000,0.000,0.000,0.000,0.000,0.000,0.000,0.003,0.000,0.000,0.000,0.000,0.000,0.000,0.000,0.000,0.000,0.000,0.000,0.000,99.310,99.318
95.000,-1.637,-2.044,31.942,32.163,1026.059,1.590,0.968,1015.604,3.517,3.540,12.312,102.862,99.367,99.346,385.458,18.844,687.899,385.614,18.850,687.551,-0.006,0.000,0.000,-0.000,-0.000,0.406,0.000,0.000,0.000,0.000,0.000,0.000,0.000,0.002,0.000,0.000,0.000,0.000,0.000,0.000,0.000,0.000,0.000,0.000,0.000,0.000,99.368,99.376
96.000,-1.641,-2.049,31.942,32.163,1026.058,1.291,0.964,1017.925,3.621,3.643,12.032,103.725,100.100,100.079,382.636,18.706,682.862,385.659,18.852,687.624,-0.010,0.000,0.000,-0.000,-0.000,0.416,0.000,-0.000,0.000,0.000,0.000,0.000,0.000,-0.000,0.000,0.000,0.000,0.000,0.000,0.000,0.000,0.000,0.000,0.000,0.000,0.000,100.100,100.100
97.000,-1.651,-2.059,31.942,32.163,1026.057,1.615,0.964,1019.221,3.727,3.748,11.796,103.582,99.861,99.840,383.554,18.751,684.495,385.764,18.857,687.798,-0.009,0.000,0.000,-0.000,-0.000,0.424,0.000,0.000,0.000,0.000,0.000,0.000,0.000,0.001,0.000,0.000,0.000,0.000,0.000,0.000,0.000,0.000,0.000,0.000,0.000,0.000,99.860,99.857
98.000,-1.667,-2.074,31.942,32.163,1026.056,4.149,0.968,1024.149,3.834,3.854,11.601,103.530,99.707,99.688,384.146,18.779,685.538,385.930,18.865,688.073,-0.011,0.000,0.000,-0.000,-0.000,0.431,0.000,0.000,0.000,0.000,0.000,0.000,0.000,0.002,0.000,0.000,0.000,0.000,0.000,0.000,0.000,0.001,0.000,0.000,0.000,0.000,99.706,99.700
99.000,-1.683,-2.090,31.942,32.163,1026.056,1.200,0.972,1029.028,3.938,3.955,11.445,103.094,99.188,99.171,386.169,18.878,689.126,386.097,18.873,688.348,-0.024,0.000,0.000,-0.000,-0.000,0.437,0.000,0.000,0.000,0.000,0.000,0.000,0.000,0.011,0.000,0.000,0.000,0.000,0.000,0.000,0.000,0.000,0.000,0.000,0.000,0.000,99.187,99.184
100.000,-1.703,-2.110,31.942,32.163,1026.056,0.750,0.972,1020.740,4.049,4.064,11.325,102.672,98.676,98.662,388.175,18.976,692.684,386.308,18.883,688.697,-0.006,0.000,0.000,-0.000,-0.000,0.441,0.000,0.000,0.000,0.000,0.000,0.000,0.000,0.005,0.000,0.000,0.000,0.000,0.000,0.000,0.000,0.000,0.000,0.000,0.000,0.000,98.675,98.676
101.000,-1.708,-2.116,31.942,32.163,1026.055,2.668,0.974,1013.757,4.162,4.173,11.239,103.562,99.424,99.414,385.257,18.834,687.450,386.369,18.886,688.798,-0.007,0.000,0.000,-0.000,-0.000,0.445,0.000,0.000,0.000,0.000,0.000,0.000,0.000,0.002,0.000,0.000,0.000,0.000,0.000,0.000,0.000,0.000,0.000,0.000,0.000,0.000,99.424,99.429
102.000,-1.708,-2.116,31.942,32.163,1026.055,2.677,0.982,1019.933,4.274,4.284,11.185,104.372,100.093,100.084,382.682,18.708,682.847,386.369,18.886,688.798,-0.016,0.000,0.000,-0.000,-0.000,0.447,0.000,-0.000,0.000,0.000,0.000,0.000,0.000,-0.001,0.000,0.000,0.000,0.000,0.000,0.000,0.000,0.000,0.000,0.000,0.000,0.000,100.094,100.104
103.000,-1.698,-2.106,31.942,32.163,1026.055,4.251,0.982,1024.424,4.388,4.398,11.161,103.853,99.488,99.478,385.013,18.822,687.007,386.263,18.881,688.623,-0.009,0.000,0.000,-0.000,-0.000,0.448,0.000,0.000,0.000,0.000,0.000,0.000,0.000,0.002,0.000,0.000,0.000,0.000,0.000,0.000,0.000,0.001,0.000,0.000,0.000,0.000,99.489,99.506
104.000,-1.678,-2.086,31.942,32.163,1026.055,3.758,0.982,1021.111,4.500,4.512,11.163,103.538,99.079,99.068,386.604,18.899,689.859,386.052,18.871,688.275,-0.016,0.000,0.000,-0.000,-0.000,0.448,0.000,0.000,0.000,0.000,0.000,0.000,0.000,0.007,0.000,0.000,0.000,0.000,0.000,0.000,0.000,0.000,0.000,0.000,0.000,0.000,99.082,99.089
105.000,-1.658,-2.066,31.942,32.163,1026.054,1.569,0.980,1024.533,4.612,4.628,11.190,104.042,99.455,99.440,385.144,18.828,687.282,385.842,18.861,687.926,-0.016,0.000,0.000,-0.000,-0.000,0.447,0.000,0.000,0.000,0.000,0.000,0.000,0.000,0.004,0.000,0.000,0.000,0.000,0.000,0.000,0.000,0.000,0.000,0.000,0.000,0.000,99.457,99.457
106.000,-1.608,-2.016,31.942,32.163,1026.054,1.394,0.974,1020.970,4.727,4.747,11.239,103.865,99.177,99.158,386.225,18.881,689.238,385.316,18.835,687.057,-0.007,0.000,0.000,-0.000,-0.000,0.445,0.000,0.000,0.000,0.000,0.000,0.000,0.000,0.003,0.000,0.000,0.000,0.000,0.000,0.000,0.000,0.000,0.000,0.000,0.000,0.000,99.182,99.182
107.000,-1.564,-1.972,31.942,32.163,1026.053,3.783,0.974,1015.466,4.842,4.871,11.308,104.482,99.656,99.629,384.362,18.790,685.980,384.852,18.813,686.290,-0.009,0.000,0.000,-0.000,-0.000,0.442,0.000,0.000,0.000,0.000,0.000,0.000,0.000,0.001,0.000,0.000,0.000,0.000,0.000,0.000,0.000,0.001,0.000,0.000,0.000,0.000,99.661,99.663
108.000,-1.536,-1.943,31.942,32.163,1026.053,4.197,0.964,1012.439,4.951,4.988,11.395,105.282,100.315,100.280,381.833,18.667,681.527,384.554,18.798,685.798,-0.030,0.000,0.000,-0.000,-0.000,0.439,0.000,-0.000,0.000,0.000,0.000,0.000,0.000,-0.003,0.000,0.000,0.000,0.000,0.000,0.000,0.000,0.001,0.000,0.000,0.000,0.000,100.318,100.326
109.000,-1.500,-1.908,31.942,32.163,1026.053,2.002,0.952,1010.122,5.055,5.096,11.496,105.779,100.689,100.650,380.402,18.597,679.012,384.180,18.780,685.179,-0.052,0.000,0.000,-0.000,-0.000,0.435,0.000,-0.000,0.000,0.000,0.000,0.000,0.000,-0.010,0.000,0.000,0.000,0.000,0.000,0.000,0.000,0.000,0.000,0.000,0.000,0.000,100.693,100.706
110.000,-1.462,-1.870,31.942,32.163,1026.053,2.156,0.946,1011.179,5.163,5.211,11.610,106.231,101.016,100.970,379.165,18.537,676.851,383.787,18.761,684.530,-0.030,0.000,0.000,-0.000,-0.000,0.431,0.000,-0.000,0.000,0.000,0.000,0.000,0.000,-0.008,0.000,0.000,0.000,0.000,0.000,0.000,0.000,0.000,0.000,0.000,0.000,0.000,101.020,101.030
111.000,-1.418,-1.826,31.942,32.163,1026.053,2.389,0.937,1009.996,5.269,5.323,11.735,106.332,101.010,100.958,379.176,18.537,676.922,383.327,18.739,683.768,-0.037,0.000,0.000,-0.000,-0.000,0.426,0.000,-0.000,0.000,0.000,0.000,0.000,0.000,-0.010,0.000,0.000,0.000,0.000,0.000,0.000,0.000,0.000,0.000,0.000,0.000,0.000,101.015,101.024
112.000,-1.377,-1.785,31.942,32.163,1026.052,4.832,0.932,1009.325,5.371,5.433,11.868,106.683,101.245,101.186,378.281,18.494,675.384,382.902,18.718,683.066,-0.050,0.000,0.000,-0.000,-0.000,0.421,0.000,-0.001,0.000,0.000,0.000,0.000,0.000,-0.015,0.000,0.000,0.000,0.000,0.000,0.001,0.001,0.001,0.000,0.000,0.000,0.000,101.249,101.254
113.000,-1.341,-1.748,31.942,32.163,1026.052,2.224,0.924,1013.153,5.454,5.521,12.006,106.945,101.414,101.349,377.614,18.461,674.247,382.520,18.700,682.434,-0.143,0.000,0.000,-0.000,-0.000,0.416,0.000,-0.002,0.000,0.000,-0.000,-0.000,0.000,-0.047,0.000,0.000,-0.000,-0.000,0.000,0.000,0.000,0.000,0.000,0.000,0.000,0.000,101.419,101.418
114.000,-1.291,-1.698,31.942,32.163,1026.052,4.728,0.918,1011.633,5.552,5.626,12.147,106.742,101.127,101.057,378.671,18.513,676.183,382.001,18.675,681.577,-0.055,0.000,0.000,-0.000,-0.000,0.412,0.000,-0.001,0.000,0.000,-0.000,-0.000,0.000,-0.015,0.000,0.000,-0.000,-0.000,0.000,0.001,0.001,0.001,0.000,0.000,0.000,0.000,101.133,101.130
115.000,-1.204,-1.611,31.942,32.163,1026.051,0.719,0.916,1021.768,5.628,5.708,12.290,107.111,101.404,101.327,377.594,18.461,674.327,381.106,18.631,680.097,-0.168,0.000,0.000,-0.000,-0.000,0.407,0.000,-0.002,0.000,0.000,-0.000,-0.000,0.000,-0.053,0.000,0.000,-0.000,-0.000,0.000,0.000,0.000,0.000,0.000,0.000,0.000,0.000,101.414,101.414
116.000,-1.202,-1.610,31.942,32.163,1026.051,4.701,0.910,1025.509,5.729,5.825,12.431,106.394,100.629,100.538,380.490,18.603,679.616,381.090,18.631,680.070,-0.032,0.000,0.000,-0.000,-0.000,0.402,0.000,-0.000,0.000,0.000,-0.000,-0.000,0.000,-0.005,0.000,0.000,-0.000,-0.000,0.000,0.001,0.001,0.001,0.000,0.000,0.000,0.000,100.631,100.624
117.000,-1.240,-1.647,31.942,32.163,1026.053,3.089,0.878,1023.917,5.795,5.891,12.568,106.075,100.264,100.174,381.867,18.670,682.078,381.476,18.649,680.708,-0.155,0.000,0.000,-0.000,-0.000,0.398,0.000,-0.000,0.000,0.000,-0.000,-0.000,0.000,-0.007,0.000,0.000,-0.000,-0.000,0.000,0.000,0.000,0.000,0.000,0.000,0.000,0.000,100.264,100.256
118.000,-1.199,-1.606,31.942,32.163,1026.053,3.700,0.882,1018.552,5.870,5.958,12.698,106.208,100.319,100.235,381.657,18.660,681.652,381.052,18.629,680.007,-0.114,0.000,0.000,-0.000,-0.000,0.394,0.000,-0.000,0.000,0.000,-0.000,-0.000,0.000,-0.007,0.000,0.000,-0.000,-0.000,0.000,0.000,0.000,0.000,0.000,0.000,0.000,0.000,100.325,100.325
119.000,-1.174,-1.582,31.942,32.163,1026.053,0.634,0.900,1017.337,5.940,6.034,12.820,106.948,100.951,100.862,379.239,18.542,677.388,380.802,18.617,679.594,-0.156,0.000,0.000,-0.000,-0.000,0.390,0.000,-0.001,0.000,0.000,-0.000,-0.000,0.000,-0.033,0.000,0.000,-0.000,-0.000,0.000,0.000,0.000,0.000,0.000,0.000,0.000,0.000,100.956,100.957
120.000,-1.156,-1.564,31.942,32.163,1026.053,4.013,0.882,1019.276,6.034,6.132,12.932,107.237,101.135,101.041,378.540,18.508,676.172,380.613,18.607,679.281,-0.041,0.000,0.000,-0.000,-0.000,0.387,0.000,-0.000,0.000,0.000,-0.000,-0.000,0.000,-0.010,0.000,0.000,-0.000,-0.000,0.000,0.000,0.000,0.001,0.000,0.000,0.000,0.000,101.139,101.122
121.000,-1.125,-1.532,31.942,32.163,1026.052,0.752,0.881,1012.928,6.097,6.196,13.030,107.141,100.984,100.890,379.075,18.534,677.151,380.289,18.592,678.745,-0.178,0.000,0.000,-0.000,-0.000,0.384,0.000,-0.001,0.000,0.000,-0.000,-0.000,0.000,-0.037,0.000,0.000,-0.000,-0.000,0.000,0.000,0.000,0.000,0.000,0.000,0.000,0.000,100.991,100.970
122.000,-1.002,-1.409,31.942,32.163,1026.050,2.126,0.878,1012.744,6.187,6.292,13.112,107.992,101.699,101.599,376.394,18.403,672.406,379.031,18.531,676.666,-0.055,0.000,0.000,-0.000,-0.000,0.381,0.000,-0.001,0.000,0.000,-0.000,-0.000,0.000,-0.018,0.000,0.000,-0.000,-0.000,0.000,0.000,0.000,0.000,0.000,0.000,0.000,0.000,101.714,101.698
123.000,-0.916,-1.323,31.942,32.163,1026.048,3.340,0.878,1016.681,6.272,6.398,13.176,108.442,102.042,101.922,375.091,18.340,670.240,378.156,18.488,675.217,-0.098,0.000,0.000,-0.000,-0.000,0.379,0.000,-0.001,0.000,0.000,-0.000,-0.000,0.000,-0.038,0.000,0.000,-0.000,-0.000,0.000,0.000,0.000,0.000,0.000,0.000,0.000,0.000,102.054,102.044
124.000,-0.727,-1.134,31.942,32.163,1026.042,2.798,0.845,1019.268,6.343,6.482,13.224,108.329,101.868,101.735,375.684,18.369,671.415,376.237,18.395,672.044,-0.162,0.000,0.000,-0.000,-0.000,0.378,0.000,-0.002,0.000,0.000,-0.000,-0.000,0.000,-0.057,0.000,0.000,-0.000,-0.000,0.000,0.000,0.000,0.000,0.000,0.000,0.000,0.000,101.889,101.875
125.000,-0.121,-0.529,31.942,32.163,1026.022,5.385,0.836,1015.558,6.415,6.586,13.255,108.658,102.108,101.944,374.736,18.324,669.972,370.215,18.104,662.082,-0.171,0.000,0.000,-0.000,-0.000,0.377,0.000,-0.002,0.000,0.000,-0.000,-0.000,0.000,-0.065,0.000,0.000,-0.000,-0.000,0.000,0.001,0.001,0.001,0.000,0.000,0.000,0.000,102.167,102.138
126.000,0.398,-0.010,31.942,32.163,1026.000,2.772,0.830,1011.982,6.444,6.712,13.271,110.757,104.052,103.791,367.439,17.969,657.714,365.180,17.860,653.749,-0.593,0.000,0.000,-0.000,-0.000,0.377,0.000,-0.012,0.000,0.000,-0.000,-0.000,0.000,-0.352,0.000,0.000,-0.000,-0.000,0.000,0.000,0.000,0.000,0.000,0.000,0.000,0.000,104.109,104.074
127.000,0.700,0.293,31.942,32.163,1025.985,1.386,0.682,1016.073,6.524,6.880,13.272,112.698,105.795,105.444,361.205,17.667,647.219,362.302,17.720,648.985,-0.272,0.000,0.000,-0.000,-0.000,0.377,0.000,-0.007,0.000,0.000,-0.000,-0.000,0.000,-0.196,0.000,0.000,-0.000,-0.000,0.000,0.000,0.000,0.000,0.000,0.000,0.000,0.000,105.830,105.794
128.000,0.932,0.524,31.942,32.163,1025.973,8.106,0.581,1019.567,6.597,7.000,13.261,113.152,106.149,105.750,359.828,17.601,645.138,360.122,17.615,645.377,-0.294,0.000,0.000,-0.000,-0.000,0.377,0.000,-0.008,0.000,0.000,-0.000,-0.000,0.000,-0.216,0.000,0.000,-0.000,-0.000,0.000,0.003,0.003,0.004,0.000,0.000,0.000,0.000,106.162,106.114
129.000,1.079,0.671,31.942,32.163,1025.965,8.549,0.531,1018.571,6.259,6.571,13.236,112.453,105.829,105.519,358.910,17.557,643.788,358.755,17.548,643.113,-3.924,0.000,0.000,-0.000,-0.000,0.378,0.000,-0.103,0.000,0.000,-0.000,-0.000,0.000,-2.914,0.000,0.000,-0.000,-0.000,0.000,0.003,0.003,0.005,0.000,0.000,0.000,0.000,105.868,105.801
130.000,1.191,0.784,31.942,32.163,1025.959,1.053,0.485,1014.144,5.843,6.029,13.200,111.784,105.613,105.428,357.208,17.474,640.921,357.710,17.498,641.384,-4.683,0.000,0.000,-0.000,-0.000,0.379,0.000,-0.125,0.000,0.000,-0.000,-0.000,0.000,-3.612,0.000,0.000,-0.000,-0.000,0.000,0.000,0.000,0.000,0.000,0.000,0.000,0.000,105.695,105.634
131.000,1.264,0.856,31.942,32.163,1025.954,6.234,0.453,1009.241,5.903,6.097,13.154,112.589,106.313,106.118,354.629,17.348,636.435,357.042,17.465,640.276,-0.408,0.000,0.000,-0.000,-0.000,0.380,0.000,-0.011,0.000,0.000,-0.000,-0.000,0.000,-0.335,0.000,0.000,-0.000,-0.000,0.000,0.001,0.001,0.002,0.000,0.000,0.000,0.000,106.360,106.308
132.000,1.407,0.999,31.942,32.163,1025.946,5.787,0.442,1008.400,5.691,5.797,13.097,112.558,106.497,106.390,352.258,17.233,632.270,355.727,17.402,638.100,-3.159,0.000,0.000,-0.000,-0.000,0.382,0.000,-0.091,0.000,0.000,-0.000,-0.000,0.000,-2.700,0.000,0.000,-0.000,-0.000,0.000,0.001,0.001,0.002,0.000,0.000,0.000,0.000,106.576,106.537
133.000,1.654,1.246,31.942,32.163,1025.930,7.064,0.417,1014.426,5.524,5.569,13.032,112.382,106.499,106.453,350.675,17.156,629.608,353.477,17.293,634.375,-2.780,0.000,0.000,-0.000,-0.000,0.384,0.000,-0.081,0.000,0.000,-0.000,-0.000,0.000,-2.437,0.000,0.000,-0.000,-0.000,0.000,0.002,0.002,0.003,0.000,0.000,0.000,0.000,106.574,106.556
134.000,1.677,1.269,31.942,32.163,1025.928,1.585,0.274,1012.180,5.228,5.199,12.959,111.393,105.859,105.887,350.561,17.151,629.711,353.267,17.282,634.026,-3.978,0.000,0.000,-0.000,-0.000,0.386,0.000,-0.115,0.000,0.000,-0.000,-0.000,0.000,-3.452,0.000,0.000,-0.000,-0.000,0.000,0.000,0.000,0.000,0.000,0.000,0.000,0.000,105.942,105.910
135.000,1.787,1.380,31.942,32.163,1025.921,4.416,0.257,1008.520,5.265,5.222,12.879,111.627,106.044,106.087,349.576,17.103,627.971,352.270,17.234,632.375,-0.664,0.000,0.000,-0.000,-0.000,0.388,0.000,-0.019,0.000,0.000,-0.000,-0.000,0.000,-0.587,0.000,0.000,-0.000,-0.000,0.000,0.001,0.001,0.001,0.000,0.000,0.000,0.000,106.109,106.042
136.000,1.704,1.296,31.942,32.163,1025.926,3.918,0.244,1004.202,5.152,5.064,12.794,111.801,106.323,106.413,347.341,16.994,624.091,353.021,17.270,633.620,-2.279,0.000,0.000,-0.000,-0.000,0.391,0.000,-0.068,0.000,0.000,-0.000,-0.000,0.000,-2.087,0.000,0.000,-0.000,-0.000,0.000,0.000,0.000,0.001,0.000,0.000,0.000,0.000,106.380,106.289
137.000,1.727,1.320,31.942,32.163,1025.924,2.627,0.235,1005.222,5.073,4.918,12.703,111.613,106.225,106.381,346.583,16.957,622.628,352.811,17.260,633.271,-1.890,0.000,0.000,-0.000,-0.000,0.394,0.000,-0.056,0.000,0.000,-0.000,-0.000,0.000,-1.751,0.000,0.000,-0.000,-0.000,0.000,0.000,0.000,0.000,0.000,0.000,0.000,0.000,106.288,106.189
138.000,1.461,1.054,31.942,32.163,1025.940,4.215,0.218,1002.030,5.070,4.892,12.608,111.362,105.988,106.169,346.737,16.964,622.932,355.228,17.377,637.273,-1.093,0.000,0.000,-0.000,-0.000,0.397,0.000,-0.032,0.000,0.000,-0.000,-0.000,0.000,-1.003,0.000,0.000,-0.000,-0.000,0.000,0.000,0.000,0.001,0.000,0.000,0.000,0.000,106.012,105.918
139.000,1.147,0.740,31.942,32.163,1025.958,4.146,0.211,1007.642,4.955,4.683,12.509,110.498,105.282,105.556,347.987,17.024,624.848,358.117,17.517,642.057,-2.010,0.000,0.000,-0.000,-0.000,0.400,0.000,-0.057,0.000,0.000,-0.000,-0.000,0.000,-1.795,0.000,0.000,-0.000,-0.000,0.000,0.000,0.000,0.001,0.000,0.000,0.000,0.000,105.306,105.226
140.000,2.017,1.609,31.942,32.163,1025.904,2.926,0.211,1009.226,4.835,4.482,12.409,108.658,103.647,103.997,352.735,17.255,632.981,350.210,17.134,628.964,-1.645,0.000,0.000,-0.000,-0.000,0.403,0.000,-0.039,0.000,0.000,-0.000,-0.000,0.000,-1.282,0.000,0.000,-0.000,-0.000,0.000,0.000,0.000,0.000,0.000,0.000,0.000,0.000,103.763,103.650
141.000,3.201,2.794,31.942,32.163,1025.814,2.628,0.187,1011.734,4.837,4.614,12.307,110.679,105.572,105.798,345.532,16.907,621.125,339.922,16.635,611.920,-1.245,0.000,0.000,-0.000,-0.000,0.406,0.000,-0.036,0.000,0.000,-0.000,-0.000,0.000,-1.142,0.000,0.000,-0.000,-0.000,0.000,0.000,0.000,0.000,0.000,0.000,0.000,0.000,105.713,105.609
142.000,3.296,2.888,31.942,32.163,1025.805,3.995,0.187,1012.067,4.867,4.813,12.205,113.405,108.142,108.198,336.315,16.460,605.974,339.126,16.597,610.600,-1.440,0.000,0.000,-0.000,-0.000,0.410,0.000,-0.048,0.000,0.000,-0.000,-0.000,0.000,-1.488,0.000,0.000,-0.000,-0.000,0.000,0.000,0.000,0.001,0.000,0.000,0.000,0.000,108.176,108.139
143.000,3.266,2.858,31.942,32.163,1025.807,4.882,0.187,1009.980,4.787,4.669,12.103,113.004,107.841,107.963,335.647,16.428,604.883,339.377,16.609,611.017,-2.515,0.000,0.000,-0.000,-0.000,0.413,0.000,-0.084,0.000,0.000,-0.000,-0.000,0.000,-2.601,0.000,0.000,-0.000,-0.000,0.000,0.001,0.001,0.001,0.000,0.000,0.000,0.000,107.864,107.818
144.000,3.235,2.827,31.942,32.163,1025.809,4.348,0.187,1012.404,4.633,4.408,12.003,112.279,107.307,107.539,335.201,16.406,604.045,339.639,16.622,611.451,-3.347,0.000,0.000,-0.000,-0.000,0.417,0.000,-0.111,0.000,0.000,-0.000,-0.000,0.000,-3.467,0.000,0.000,-0.000,-0.000,0.000,0.001,0.001,0.001,0.000,0.000,0.000,0.000,107.340,107.306
145.000,3.265,2.857,31.942,32.163,1025.806,0.523,0.187,1009.825,4.524,4.225,11.905,111.291,106.474,106.780,336.261,16.457,605.917,339.385,16.609,611.030,-2.547,0.000,0.000,-0.000,-0.000,0.420,0.000,-0.082,0.000,0.000,-0.000,-0.000,0.000,-2.585,0.000,0.000,-0.000,-0.000,0.000,0.000,0.000,0.000,0.000,0.000,0.000,0.000,106.518,106.479
146.000,3.631,3.223,31.942,32.163,1025.774,2.744,0.187,1011.374,4.591,4.283,11.810,111.615,106.715,107.031,335.146,16.403,603.943,336.322,16.461,605.954,-0.577,0.000,0.000,-0.000,-0.000,0.423,0.000,-0.019,0.000,0.000,-0.000,-0.000,0.000,-0.593,0.000,0.000,-0.000,-0.000,0.000,0.000,0.000,0.000,0.000,0.000,0.000,0.000,106.775,106.734
147.000,3.533,3.126,31.942,32.163,1025.783,0.824,0.187,1015.137,4.600,4.319,11.720,112.143,107.211,107.500,332.665,16.283,599.908,337.131,16.500,607.296,-1.434,0.000,0.000,-0.000,-0.000,0.427,0.000,-0.047,0.000,0.000,-0.000,-0.000,0.000,-1.501,0.000,0.000,-0.000,-0.000,0.000,0.000,0.000,0.000,0.000,0.000,0.000,0.000,107.240,107.173
148.000,3.405,2.998,31.942,32.163,1025.793,6.128,0.187,1017.196,4.659,4.345,11.635,111.402,106.442,106.763,334.702,16.382,603.465,338.204,16.552,609.073,-0.622,0.000,0.000,-0.000,-0.000,0.430,0.000,-0.020,0.000,0.000,-0.000,-0.000,0.000,-0.627,0.000,0.000,-0.000,-0.000,0.000,0.001,0.001,0.002,0.000,0.000,0.000,0.000,106.450,106.376
149.000,4.292,3.884,31.942,32.163,1025.712,0.384,0.187,1017.547,4.342,3.914,11.556,109.702,105.137,105.571,336.409,16.465,606.388,330.907,16.198,596.979,-4.246,0.000,0.000,-0.000,-0.000,0.433,0.000,-0.127,0.000,0.000,-0.000,-0.000,0.000,-4.109,0.000,0.000,-0.000,-0.000,0.000,0.000,0.000,0.000,0.000,0.000,0.000,0.000,105.273,105.221
150.000,4.993,4.586,31.942,32.163,1025.641,1.886,0.187,1020.415,4.436,4.152,11.484,112.011,107.253,107.545,329.319,16.122,594.651,325.325,15.927,587.726,-0.609,0.000,0.000,-0.000,-0.000,0.435,0.000,-0.020,0.000,0.000,-0.000,-0.000,0.000,-0.649,0.000,0.000,-0.000,-0.000,0.000,0.000,0.000,0.000,0.000,0.000,0.000,0.000,107.360,107.301
151.000,5.439,5.032,31.942,32.163,1025.592,0.513,0.187,1021.643,4.495,4.304,11.420,113.383,108.505,108.703,324.723,15.899,587.169,321.866,15.759,581.991,-1.129,0.000,0.000,-0.000,-0.000,0.438,0.000,-0.040,0.000,0.000,-0.000,-0.000,0.000,-1.246,0.000,0.000,-0.000,-0.000,0.000,0.000,0.000,0.000,0.000,0.000,0.000,0.000,108.594,108.526
152.000,6.420,6.012,31.942,32.163,1025.478,0.328,0.187,1019.643,4.580,4.445,11.365,114.362,109.354,109.495,321.660,15.751,582.144,314.483,15.401,569.748,-0.761,0.000,0.000,-0.000,-0.000,0.440,0.000,-0.027,0.000,0.000,-0.000,-0.000,0.000,-0.855,0.000,0.000,-0.000,-0.000,0.000,0.000,0.000,0.000,0.000,0.000,0.000,0.000,109.491,109.414
153.000,6.475,6.067,31.942,32.163,1025.471,0.900,0.092,1021.138,4.680,4.692,11.319,117.101,111.866,111.853,313.751,15.366,568.936,314.074,15.381,569.070,-0.890,0.000,0.000,-0.000,-0.000,0.442,0.000,-0.034,0.000,0.000,-0.000,-0.000,0.000,-1.049,0.000,0.000,-0.000,-0.000,0.000,0.000,0.000,0.000,0.000,0.000,0.000,0.000,111.911,111.839
154.000,6.572,6.165,31.942,32.163,1025.459,1.671,0.000,1022.823,4.746,4.726,11.285,116.865,111.570,111.591,313.804,15.369,569.095,313.358,15.347,567.883,-1.120,0.000,0.000,-0.000,-0.000,0.443,0.000,-0.042,0.000,0.000,-0.000,-0.000,0.000,-1.309,0.000,0.000,-0.000,-0.000,0.000,0.000,0.000,0.000,0.000,0.000,0.000,0.000,111.617,111.541
155.000,6.205,5.798,31.942,32.163,1025.504,2.380,0.000,1022.126,4.741,4.655,11.260,116.333,111.067,111.159,313.628,15.361,568.886,316.069,15.478,572.378,-2.292,0.000,-0.027,-0.000,-0.000,0.444,0.000,-0.086,0.000,-0.001,-0.000,-0.000,0.000,-2.665,0.001,-0.031,-0.000,-0.000,0.000,0.000,0.000,0.000,0.000,0.000,0.000,0.000,111.080,111.048
156.000,6.111,5.703,31.942,32.163,1025.515,5.143,0.000,1021.214,4.659,4.405,11.246,114.604,109.502,109.769,316.096,15.481,572.945,316.776,15.512,573.550,-2.972,0.001,-0.065,-0.000,-0.000,0.445,0.000,-0.107,0.000,-0.002,-0.000,-0.000,0.000,-3.379,0.002,-0.072,-0.000,-0.000,0.000,0.001,0.001,0.001,0.000,0.000,0.000,0.000,109.521,109.467
157.000,6.292,5.885,31.942,32.163,1025.493,1.652,0.000,1018.966,4.316,3.840,11.241,112.542,107.886,108.380,316.505,15.500,573.577,315.424,15.447,571.308,-6.019,0.013,-0.498,-0.000,-0.000,0.445,0.000,-0.212,0.001,-0.018,-0.000,-0.000,0.000,-6.790,0.049,-0.534,-0.000,-0.000,0.000,0.000,0.000,0.000,0.000,0.000,0.000,0.000,107.993,107.944
158.000,6.220,5.813,31.942,32.163,1025.502,0.291,0.000,1020.914,4.318,3.829,11.245,112.838,108.167,108.676,314.479,15.402,570.112,315.961,15.473,572.199,-1.773,0.000,-0.021,-0.000,-0.000,0.445,0.000,-0.062,0.000,-0.001,-0.000,-0.000,0.000,-2.043,0.001,-0.023,-0.000,-0.000,0.000,0.000,0.000,0.000,0.000,0.000,0.000,0.000,108.233,108.174
159.000,5.979,5.572,31.942,32.163,1025.530,2.900,0.000,1020.700,4.423,3.914,11.259,112.478,107.714,108.241,315.620,15.457,572.097,317.760,15.560,575.182,-0.293,0.000,-0.000,-0.000,-0.000,0.444,0.000,-0.010,0.000,-0.000,-0.000,-0.000,0.000,-0.331,0.000,-0.000,-0.000,-0.000,0.000,0.000,0.000,0.000,0.000,0.000,0.000,0.000,107.743,107.650
160.000,5.916,5.509,31.942,32.163,1025.538,2.507,0.000,1020.677,4.292,3.681,11.280,111.109,106.536,107.164,317.330,15.540,574.924,318.236,15.583,575.971,-2.781,0.001,-0.085,-0.000,-0.000,0.443,0.000,-0.091,0.000,-0.003,-0.000,-0.000,0.000,-3.052,0.005,-0.090,-0.000,-0.000,0.000,0.000,0.000,0.000,0.000,0.000,0.000,0.000,106.593,106.550
161.000,6.561,6.154,31.942,32.163,1025.460,0.774,0.000,1020.863,4.204,3.545,11.310,110.383,105.929,106.604,317.768,15.562,575.645,313.439,15.351,568.016,-2.212,0.001,-0.053,-0.000,-0.000,0.442,0.000,-0.070,0.000,-0.002,-0.000,-0.000,0.000,-2.397,0.003,-0.055,-0.000,-0.000,0.000,0.000,0.000,0.000,0.000,0.000,0.000,0.000,106.047,106.051
162.000,6.652,6.245,31.942,32.163,1025.449,4.767,0.000,1019.660,4.287,3.730,11.348,111.933,107.331,107.908,313.090,15.335,567.896,312.776,15.318,566.917,-0.751,0.000,-0.002,-0.000,-0.000,0.441,0.000,-0.025,0.000,-0.000,-0.000,-0.000,0.000,-0.851,0.000,-0.003,-0.000,-0.000,0.000,0.001,0.001,0.001,0.000,0.000,0.000,0.000,107.374,107.334
163.000,6.725,6.318,31.942,32.163,1025.440,5.335,0.000,1017.322,4.000,3.343,11.392,110.826,106.563,107.241,312.065,15.285,566.139,312.241,15.292,566.030,-4.709,0.010,-0.341,-0.000,-0.000,0.439,0.000,-0.160,0.000,-0.012,-0.000,-0.000,0.000,-5.340,0.036,-0.367,-0.000,-0.000,0.000,0.001,0.001,0.001,0.000,0.000,0.000,0.000,106.658,106.559
164.000,6.631,6.223,31.942,32.163,1025.452,4.907,0.000,1015.399,3.683,2.937,11.444,109.734,105.836,106.603,310.827,15.224,563.975,312.930,15.326,567.173,-4.803,0.015,-0.420,-0.000,-0.000,0.437,0.000,-0.162,0.001,-0.014,-0.000,-0.000,0.000,-5.521,0.056,-0.455,-0.000,-0.000,0.000,0.001,0.001,0.001,0.000,0.000,0.000,0.000,105.992,105.857
165.000,6.757,6.349,31.942,32.163,1025.437,5.658,0.000,1012.700,3.426,2.614,11.502,108.542,104.946,105.777,310.911,15.228,564.021,312.012,15.281,565.650,-3.778,0.011,-0.283,-0.000,-0.000,0.435,0.000,-0.123,0.000,-0.009,-0.000,-0.000,0.000,-4.344,0.040,-0.307,-0.000,-0.000,0.000,0.001,0.001,0.002,0.000,0.000,0.000,0.000,104.974,104.963
166.000,7.175,6.767,31.942,32.163,1025.384,0.908,0.000,1009.026,3.138,2.301,11.566,107.855,104.574,105.430,309.169,15.143,561.003,309.000,15.135,560.654,-4.079,0.019,-0.387,-0.000,-0.000,0.432,0.000,-0.134,0.001,-0.012,-0.000,-0.000,0.000,-4.786,0.069,-0.425,-0.000,-0.000,0.000,0.000,0.000,0.000,0.000,0.000,0.000,0.000,104.682,104.646
167.000,6.842,6.434,31.942,32.163,1025.427,4.035,0.000,1010.518,3.226,2.456,11.636,109.210,105.797,106.592,305.124,14.946,554.121,311.397,15.251,564.629,-0.660,0.000,-0.003,-0.000,-0.000,0.430,0.000,-0.023,0.000,-0.000,-0.000,-0.000,0.000,-0.812,0.000,-0.003,-0.000,-0.000,0.000,0.000,0.000,0.001,0.000,0.000,0.000,0.000,105.824,105.826
168.000,6.780,6.372,31.942,32.163,1025.435,7.070,0.000,1012.382,3.077,2.234,11.712,107.477,104.269,105.129,307.918,15.082,558.826,311.845,15.273,565.373,-2.580,0.005,-0.138,-0.000,-0.000,0.427,0.000,-0.083,0.000,-0.004,-0.000,-0.000,0.000,-3.027,0.019,-0.153,-0.000,-0.000,0.000,0.002,0.002,0.003,0.000,0.000,0.000,0.000,104.231,104.327
169.000,6.619,6.211,31.942,32.163,1025.456,7.812,0.000,1012.255,2.688,1.837,11.792,105.847,103.077,103.938,308.931,15.131,560.595,313.020,15.330,567.322,-3.900,0.043,-0.516,-0.000,-0.000,0.424,0.000,-0.117,0.002,-0.014,-0.000,-0.000,0.000,-4.446,0.160,-0.530,-0.000,-0.000,0.000,0.003,0.002,0.004,0.000,0.000,0.000,0.000,103.069,103.141
170.000,6.432,6.025,31.942,32.163,1025.479,2.490,0.000,1015.216,2.284,1.460,11.877,104.409,102.078,102.907,310.049,15.186,562.444,314.389,15.397,569.592,-3.282,0.063,-0.481,-0.000,-0.000,0.421,0.000,-0.088,0.003,-0.010,-0.000,-0.000,0.000,-3.655,0.234,-0.455,-0.000,-0.000,0.000,0.000,0.000,0.000,0.000,0.000,0.000,0.000,102.028,102.105
171.000,6.135,5.727,31.942,32.163,1025.515,5.558,0.000,1011.813,2.281,1.458,11.966,103.561,101.251,102.073,312.310,15.296,566.337,316.598,15.504,573.256,-0.696,0.001,-0.015,-0.000,-0.000,0.418,0.000,-0.014,0.000,-0.000,-0.000,-0.000,0.000,-0.709,0.003,-0.014,-0.000,-0.000,0.000,0.001,0.001,0.001,0.000,0.000,0.000,0.000,101.200,101.234
172.000,6.838,6.430,31.942,32.163,1025.429,1.855,0.000,1016.569,2.089,1.303,12.059,102.880,100.775,101.556,313.396,15.348,567.971,311.425,15.253,564.677,-1.341,0.017,-0.102,-0.000,-0.000,0.415,0.000,-0.021,0.001,-0.000,0.000,0.000,0.000,-1.257,0.062,-0.070,-0.000,-0.000,0.000,0.000,0.000,0.000,0.000,0.000,0.000,0.000,100.765,100.791
173.000,7.080,6.672,31.942,32.163,1025.399,1.903,0.000,1015.598,2.150,1.503,12.156,104.029,101.839,102.489,309.778,15.173,562.197,309.677,15.168,561.777,-0.571,0.000,-0.008,-0.000,-0.000,0.411,0.000,-0.015,0.000,-0.000,-0.000,-0.000,0.000,-0.615,0.001,-0.008,-0.000,-0.000,0.000,0.000,0.000,0.000,0.000,0.000,0.000,0.000,101.790,101.820
174.000,6.874,6.467,31.942,32.163,1025.426,5.381,0.000,1014.824,2.200,1.600,12.255,104.618,102.367,102.970,307.774,15.076,558.830,311.161,15.240,564.239,-0.671,0.000,-0.010,-0.000,-0.000,0.408,0.000,-0.019,0.000,-0.000,-0.000,-0.000,0.000,-0.750,0.001,-0.010,-0.000,-0.000,0.000,0.001,0.001,0.001,0.000,0.000,0.000,0.000,102.294,102.318
175.000,6.507,6.099,31.942,32.163,1025.472,4.809,0.000,1006.356,2.050,1.443,12.357,103.751,101.667,102.275,309.009,15.136,560.843,313.842,15.370,568.686,-1.679,0.014,-0.132,-0.000,-0.000,0.405,0.000,-0.043,0.001,-0.003,-0.000,-0.000,0.000,-1.760,0.053,-0.117,-0.000,-0.000,0.000,0.001,0.001,0.001,0.000,0.000,0.000,0.000,101.561,101.611
176.000,6.601,6.194,31.942,32.163,1025.461,4.043,0.000,1011.990,1.947,1.311,12.462,103.424,101.448,102.086,309.035,15.136,560.480,313.146,15.336,567.531,-1.313,0.009,-0.084,-0.000,-0.000,0.401,0.000,-0.032,0.000,-0.002,-0.000,-0.000,0.000,-1.391,0.034,-0.076,-0.000,-0.000,0.000,0.000,0.000,0.001,0.000,0.000,0.000,0.000,101.368,101.427
177.000,6.532,6.124,31.942,32.163,1025.470,1.689,0.000,1005.350,1.896,1.313,12.568,102.899,100.984,101.565,310.087,15.188,562.494,313.658,15.361,568.379,-0.904,0.005,-0.043,-0.000,-0.000,0.398,0.000,-0.018,0.000,-0.001,-0.000,-0.000,0.000,-0.857,0.017,-0.033,-0.000,-0.000,0.000,0.000,0.000,0.000,0.000,0.000,0.000,0.000,100.882,100.925
178.000,6.661,6.253,31.942,32.163,1025.454,6.119,0.000,1011.975,1.954,1.369,12.676,103.406,101.425,102.010,308.544,15.112,559.619,312.711,15.315,566.809,-0.413,0.000,-0.005,-0.000,-0.000,0.394,0.000,-0.010,0.000,-0.000,0.000,0.000,0.000,-0.428,0.001,-0.005,-0.000,-0.000,0.000,0.001,0.001,0.002,0.000,0.000,0.000,0.000,101.385,101.414
179.000,6.822,6.415,31.942,32.163,1025.435,1.239,0.000,1019.228,1.794,1.278,12.785,102.707,100.897,101.411,309.645,15.166,561.759,311.535,15.258,564.859,-1.329,0.023,-0.115,-0.000,-0.000,0.391,0.000,-0.025,0.001,-0.001,-0.000,-0.000,0.000,-1.200,0.085,-0.068,-0.000,-0.000,0.000,0.000,0.000,0.000,0.000,0.000,0.000,0.000,100.831,100.842
180.000,6.896,6.488,31.942,32.163,1025.426,7.171,0.000,1016.534,1.873,1.396,12.895,102.416,100.533,101.006,310.704,15.218,563.860,311.004,15.232,563.979,-0.208,0.000,-0.001,-0.000,-0.000,0.388,0.000,-0.003,0.000,-0.000,-0.000,-0.000,0.000,-0.154,0.000,-0.001,-0.000,-0.000,0.000,0.002,0.002,0.003,0.000,0.000,0.000,0.000,100.481,100.553
181.000,6.283,5.876,31.942,32.163,1025.502,7.436,0.000,1007.901,1.664,1.239,13.005,102.474,100.797,101.220,309.385,15.154,561.548,315.492,15.450,571.421,-1.449,0.041,-0.150,-0.000,-0.000,0.384,0.000,-0.027,0.002,0.000,-0.000,-0.000,0.000,-1.224,0.154,-0.058,-0.000,-0.000,0.000,0.002,0.002,0.003,0.000,0.000,0.000,0.000,100.694,100.797
182.000,6.293,5.886,31.942,32.163,1025.502,1.312,0.000,1002.371,1.458,1.000,13.115,101.699,100.237,100.692,311.128,15.238,564.026,315.416,15.446,571.295,-0.983,0.047,-0.076,-0.000,-0.000,0.381,0.000,-0.007,0.002,0.004,0.000,0.000,0.000,-0.681,0.176,0.034,0.000,0.000,0.000,0.000,0.000,0.000,0.000,0.000,0.000,0.000,100.150,100.239
183.000,6.310,5.903,31.942,32.163,1025.500,2.254,0.000,999.323,1.541,1.092,13.224,102.340,100.788,101.235,309.347,15.150,560.809,315.293,15.441,571.091,-0.206,0.000,-0.002,-0.000,-0.000,0.378,0.000,-0.004,0.000,-0.000,0.000,0.000,0.000,-0.194,0.000,-0.001,0.000,0.000,0.000,0.000,0.000,0.000,0.000,0.000,0.000,0.000,100.697,100.781
184.000,6.255,5.847,31.942,32.163,1025.507,7.840,0.000,1003.491,1.592,1.156,13.333,102.678,101.069,101.505,308.289,15.099,558.910,315.704,15.460,571.773,-0.412,0.000,-0.008,-0.000,-0.000,0.375,0.000,-0.009,0.000,-0.000,0.000,0.000,0.000,-0.410,0.002,-0.007,0.000,0.000,0.000,0.003,0.002,0.004,0.000,0.000,0.000,0.000,101.023,101.087
185.000,6.143,5.735,31.942,32.163,1025.521,7.206,0.000,1001.812,1.401,1.006,13.441,101.863,100.456,100.849,309.978,15.181,561.910,316.538,15.501,573.156,-1.124,0.056,-0.101,-0.000,-0.000,0.372,0.000,-0.015,0.003,0.003,0.000,0.000,0.000,-0.869,0.210,0.017,0.000,0.000,0.000,0.002,0.002,0.003,0.000,0.000,0.000,0.000,100.451,100.453
186.000,6.310,5.902,31.942,32.163,1025.502,2.681,0.000,1008.948,1.273,0.905,13.548,101.608,100.331,100.697,310.260,15.195,562.297,315.295,15.441,571.094,-0.855,0.040,-0.060,0.000,0.000,0.369,0.000,-0.010,0.002,0.003,0.000,0.000,0.000,-0.640,0.150,0.025,0.000,0.000,0.000,0.000,0.000,0.000,0.000,0.000,0.000,0.000,100.338,100.331
187.000,6.300,5.892,31.942,32.163,1025.503,5.370,0.000,1012.556,1.320,1.000,13.655,101.326,100.006,100.322,311.259,15.244,564.293,315.368,15.444,571.216,-0.230,0.001,-0.005,0.000,0.000,0.366,0.000,-0.000,0.000,0.000,0.000,0.000,0.000,-0.104,0.003,0.000,0.000,0.000,0.000,0.001,0.001,0.001,0.000,0.000,0.000,0.000,100.007,100.039
188.000,6.207,5.800,31.942,32.163,1025.515,10.092,0.000,1000.763,1.266,0.987,13.763,100.951,99.690,99.964,312.447,15.302,566.436,316.056,15.478,572.356,-0.337,0.013,-0.007,-0.000,-0.000,0.363,0.000,0.007,0.001,0.002,0.000,0.000,0.000,0.032,0.048,0.043,0.000,0.000,0.000,0.005,0.005,0.007,0.000,0.000,0.000,0.000,99.732,99.687
189.000,6.108,5.700,31.942,32.163,1025.527,4.786,0.000,1004.628,1.049,0.761,13.873,101.643,100.587,100.875,309.477,15.156,560.949,316.799,15.514,573.589,-1.269,0.145,-0.098,0.000,0.000,0.360,0.000,-0.024,0.006,0.008,0.000,0.000,0.000,-1.060,0.539,0.140,0.000,0.000,0.000,0.001,0.001,0.001,0.000,0.000,0.000,0.000,100.644,100.614
190.000,5.831,5.424,31.942,32.163,1025.560,1.278,0.000,1009.007,1.050,0.773,13.984,101.027,99.977,100.252,311.404,15.250,564.330,318.876,15.614,577.032,-0.318,0.008,-0.009,0.000,0.000,0.358,0.000,0.000,0.000,0.001,0.000,0.000,0.000,-0.148,0.030,0.014,0.000,0.000,0.000,0.000,0.000,0.000,0.000,0.000,0.000,0.000,100.001,99.950
191.000,5.704,5.296,31.942,32.163,1025.575,5.487,0.000,1005.667,1.128,0.815,14.098,100.055,98.939,99.246,314.791,15.415,570.156,319.842,15.661,578.635,0.004,0.000,0.000,0.000,0.000,0.355,0.000,0.005,0.000,0.000,0.000,0.000,0.000,0.106,0.000,0.001,0.000,0.000,0.000,0.001,0.001,0.001,0.000,0.000,0.000,0.000,98.984,98.935
192.000,5.674,5.267,31.942,32.163,1025.579,2.474,0.000,1005.334,1.085,0.808,14.215,100.200,99.124,99.397,314.690,15.410,569.829,320.068,15.672,579.009,-0.035,0.013,0.022,0.000,0.000,0.352,0.000,0.019,0.001,0.003,0.000,0.000,0.000,0.405,0.050,0.080,0.000,0.000,0.000,0.000,0.000,0.000,0.000,0.000,0.000,0.000,99.151,99.114
193.000,5.545,5.137,31.942,32.163,1025.594,1.706,0.000,1004.930,1.136,0.875,14.337,100.265,99.139,99.395,314.810,15.416,570.012,321.058,15.720,580.651,-0.027,0.001,0.001,0.000,0.000,0.349,0.000,0.008,0.000,0.000,0.000,0.000,0.000,0.164,0.002,0.006,0.000,0.000,0.000,0.000,0.000,0.000,0.000,0.000,0.000,0.000,99.116,99.102
194.000,5.487,5.079,31.942,32.163,1025.601,1.344,0.000,1007.034,1.201,0.933,14.462,100.109,98.921,99.184,315.647,15.456,571.381,321.500,15.742,581.384,-0.001,0.000,0.000,0.000,0.000,0.346,0.000,0.006,0.000,0.000,0.000,0.000,0.000,0.150,0.001,0.002,0.000,0.000,0.000,0.000,0.000,0.000,0.000,0.000,0.000,0.000,98.905,98.887
195.000,5.224,4.817,31.942,32.163,1025.631,5.769,0.000,1006.488,1.274,1.009,14.593,99.877,98.620,98.879,316.748,15.510,573.307,323.527,15.840,584.746,0.019,0.000,0.000,0.000,0.000,0.343,0.000,0.006,0.000,0.000,0.000,0.000,0.000,0.160,0.000,0.001,0.000,0.000,0.000,0.001,0.001,0.002,0.000,0.000,0.000,0.000,98.593,98.586
196.000,5.110,4.702,31.942,32.163,1025.644,7.004,0.000,1008.512,1.190,0.956,14.730,99.515,98.345,98.573,318.553,15.598,576.275,324.416,15.883,586.218,0.239,0.016,0.054,0.000,0.000,0.339,0.000,0.037,0.001,0.006,0.000,0.000,0.000,0.967,0.059,0.147,0.000,0.000,0.000,0.002,0.002,0.003,0.000,0.000,0.000,0.000,98.347,98.321
197.000,5.062,4.655,31.942,32.163,1025.649,4.000,0.000,1017.876,1.069,0.906,14.873,99.326,98.275,98.434,320.061,15.671,578.873,324.786,15.901,586.831,0.402,0.033,0.120,0.000,0.000,0.336,0.000,0.049,0.001,0.011,0.000,0.000,0.000,1.338,0.123,0.293,0.000,0.000,0.000,0.000,0.000,0.001,0.000,0.000,0.000,0.000,98.266,98.228
198.000,4.872,4.465,31.942,32.163,1025.670,2.374,0.000,1022.817,1.061,0.943,15.023,98.541,97.506,97.620,323.404,15.835,584.863,326.278,15.974,589.306,0.412,0.004,0.030,0.000,0.000,0.333,0.000,0.036,0.000,0.002,0.000,0.000,0.000,1.055,0.014,0.069,0.000,0.000,0.000,0.000,0.000,0.000,0.000,0.000,0.000,0.000,97.480,97.435
199.000,4.728,4.321,31.942,32.163,1025.686,5.501,0.000,1018.901,1.095,0.978,15.181,97.829,96.769,96.881,326.455,15.983,590.158,327.417,16.029,591.194,0.341,0.000,0.008,0.000,0.000,0.329,0.000,0.027,0.000,0.001,0.000,0.000,0.000,0.788,0.002,0.018,0.000,0.000,0.000,0.001,0.001,0.001,0.000,0.000,0.000,0.000,96.756,96.721
200.000,4.448,4.040,31.942,32.163,1025.715,1.340,0.000,1012.543,1.029,0.966,15.347,98.211,97.211,97.271,326.336,15.977,589.775,329.652,16.137,594.898,0.698,0.013,0.091,0.000,0.000,0.326,0.000,0.057,0.001,0.007,0.000,0.000,0.000,1.686,0.047,0.197,0.000,0.000,0.000,0.000,0.000,0.000,0.000,0.000,0.000,0.000,97.130,97.108
201.000,3.416,3.009,31.942,32.163,1025.811,12.522,0.000,998.738,1.092,0.994,15.523,98.300,97.238,97.332,326.520,15.985,589.779,338.111,16.547,608.918,0.143,0.000,0.001,0.000,0.000,0.322,0.000,0.012,0.000,0.000,0.000,0.000,0.000,0.358,0.000,0.003,0.000,0.000,0.000,0.009,0.008,0.013,0.000,0.000,0.000,0.000,97.186,97.201
202.000,2.943,2.535,31.942,32.163,1025.851,5.766,0.000,985.429,0.629,0.614,15.707,98.470,97.854,97.869,330.254,16.164,595.307,342.123,16.742,615.567,2.067,0.346,1.497,0.000,0.000,0.318,0.000,0.154,0.015,0.104,0.000,0.000,0.000,4.427,1.290,2.860,0.000,0.000,0.000,0.001,0.001,0.002,0.000,0.000,0.000,0.000,97.772,97.706
203.000,3.791,3.383,31.942,32.163,1025.779,3.380,0.000,996.727,0.623,0.571,15.903,98.900,98.287,98.338,329.655,16.133,593.670,334.994,16.396,603.754,0.424,0.015,0.069,0.000,0.000,0.314,0.000,0.034,0.001,0.005,0.000,0.000,0.000,0.987,0.054,0.141,0.000,0.000,0.000,0.000,0.000,0.000,0.000,0.000,0.000,0.000,98.317,98.256
204.000,3.848,3.440,31.942,32.163,1025.775,6.083,0.000,993.834,0.695,0.796,16.109,99.944,99.254,99.155,326.558,15.985,589.082,334.525,16.374,602.976,0.027,0.002,0.004,0.000,0.000,0.310,0.000,0.008,0.000,0.001,0.000,0.000,0.000,0.277,0.007,0.016,0.000,0.000,0.000,0.001,0.001,0.002,0.000,0.000,0.000,0.000,99.250,99.159
205.000,3.945,3.537,31.942,32.163,1025.767,3.241,0.000,998.903,0.707,0.809,16.326,100.441,99.735,99.635,325.157,15.916,586.619,333.729,16.335,601.657,-0.130,0.017,0.016,0.000,0.000,0.306,0.000,0.005,0.001,0.002,0.000,0.000,0.000,0.230,0.065,0.077,0.000,0.000,0.000,0.000,0.000,0.000,0.000,0.000,0.000,0.000,99.725,99.662
206.000,3.582,3.175,31.942,32.163,1025.801,1.691,0.000,1005.179,0.760,0.878,16.556,100.249,99.492,99.376,326.056,15.961,588.356,336.725,16.480,606.622,-0.032,0.002,0.002,0.000,0.000,0.302,0.000,0.005,0.000,0.000,0.000,0.000,0.000,0.190,0.006,0.012,0.000,0.000,0.000,0.000,0.000,0.000,0.000,0.000,0.000,0.000,99.408,99.380
207.000,4.198,3.791,31.942,32.163,1025.746,8.087,0.000,1010.923,0.817,0.880,16.798,98.877,98.075,98.015,331.000,16.201,596.847,331.663,16.235,598.231,0.113,0.000,0.002,0.000,0.000,0.298,0.000,0.010,0.000,0.000,0.000,0.000,0.000,0.310,0.000,0.004,0.000,0.000,0.000,0.003,0.003,0.004,0.000,0.000,0.000,0.000,98.111,98.064
208.000,4.493,4.085,31.942,32.163,1025.718,2.654,0.000,1009.851,0.769,0.935,17.054,99.967,99.204,99.041,327.931,16.053,592.035,329.292,16.120,594.302,0.083,0.050,0.107,0.000,0.000,0.293,0.000,0.024,0.002,0.010,0.000,0.000,0.000,0.861,0.188,0.308,0.000,0.000,0.000,0.000,0.000,0.000,0.000,0.000,0.000,0.000,99.224,99.171
209.000,4.514,4.106,31.942,32.163,1025.717,8.155,0.000,1011.223,0.831,1.041,17.324,100.841,100.010,99.803,325.267,15.924,587.568,329.124,16.112,594.024,-0.110,0.001,-0.002,0.000,0.000,0.289,0.000,-0.000,0.000,0.000,0.000,0.000,0.000,0.047,0.003,0.003,0.000,0.000,0.000,0.003,0.003,0.004,0.000,0.000,0.000,0.000,100.034,99.944
210.000,3.361,2.954,31.942,32.163,1025.825,7.324,0.000,1011.723,0.787,0.960,17.609,100.759,99.972,99.801,325.580,15.939,588.158,338.574,16.570,609.686,-0.321,0.050,0.030,0.000,0.000,0.284,0.000,0.002,0.002,0.006,0.000,0.000,0.000,0.201,0.188,0.188,0.000,0.000,0.000,0.002,0.002,0.003,0.000,0.000,0.000,0.000,99.926,99.850
211.000,3.233,2.825,31.942,32.163,1025.837,5.519,0.000,1012.647,0.700,0.737,17.909,98.304,97.621,97.585,334.993,16.396,603.784,339.656,16.622,611.479,0.766,0.033,0.179,0.000,0.000,0.279,0.000,0.057,0.001,0.013,0.000,0.000,0.000,1.733,0.122,0.362,0.000,0.000,0.000,0.001,0.001,0.001,0.000,0.000,0.000,0.000,97.644,97.572
212.000,3.441,3.033,31.942,32.163,1025.821,4.141,0.000,1013.556,0.687,0.746,18.225,98.186,97.516,97.459,336.354,16.462,606.082,337.904,16.537,608.575,0.575,0.011,0.074,0.000,0.000,0.274,0.000,0.042,0.000,0.005,0.000,0.000,0.000,1.287,0.040,0.152,0.000,0.000,0.000,0.000,0.000,0.001,0.000,0.000,0.000,0.000,97.573,97.495
213.000,3.610,3.202,31.942,32.163,1025.808,4.140,0.000,1010.221,0.714,0.828,18.558,98.777,98.077,97.966,334.932,16.393,603.769,336.497,16.469,606.244,0.283,0.004,0.023,0.000,0.000,0.269,0.000,0.023,0.000,0.002,0.000,0.000,0.000,0.740,0.013,0.052,0.000,0.000,0.000,0.000,0.000,0.001,0.000,0.000,0.000,0.000,98.133,98.057
214.000,3.853,3.446,31.942,32.163,1025.788,7.536,0.000,1002.821,0.744,0.893,18.907,99.629,98.894,98.748,332.448,16.272,599.490,334.481,16.371,602.903,0.096,0.003,0.012,0.000,0.000,0.264,0.000,0.013,0.000,0.001,0.000,0.000,0.000,0.446,0.013,0.035,0.000,0.000,0.000,0.002,0.002,0.003,0.000,0.000,0.000,0.000,98.950,98.870
215.000,3.998,3.591,31.942,32.163,1025.776,11.175,0.000,998.737,0.737,0.894,19.275,100.952,100.213,100.057,328.052,16.058,591.850,333.290,16.314,600.929,-0.344,0.034,0.004,0.000,0.000,0.259,0.000,-0.004,0.002,0.003,0.000,0.000,0.000,-0.019,0.127,0.097,0.000,0.000,0.000,0.006,0.006,0.009,0.000,0.000,0.000,0.000,100.274,100.187
216.000,4.042,3.634,31.942,32.163,1025.774,7.596,0.000,1003.468,0.680,0.750,19.659,101.568,100.882,100.811,325.564,15.937,587.530,332.934,16.296,600.339,-0.896,0.157,-0.027,0.000,0.000,0.254,0.000,-0.028,0.007,0.006,0.000,0.000,0.000,-0.699,0.586,0.222,0.000,0.000,0.000,0.002,0.002,0.003,0.000,0.000,0.000,0.000,100.992,100.908
217.000,3.660,3.253,31.942,32.163,1025.811,11.316,0.000,998.749,0.680,0.730,20.059,101.151,100.467,100.417,326.773,15.996,589.762,336.076,16.449,605.547,-0.414,0.034,-0.009,0.000,0.000,0.249,0.000,-0.010,0.002,0.002,0.000,0.000,0.000,-0.256,0.126,0.057,0.000,0.000,0.000,0.007,0.006,0.009,0.000,0.000,0.000,0.000,100.537,100.424
218.000,3.576,3.169,31.942,32.163,1025.820,6.565,0.000,1002.658,0.600,0.549,20.474,100.753,100.153,100.203,328.274,16.068,592.024,336.773,16.483,606.702,-0.354,0.161,0.158,0.000,0.000,0.244,0.000,-0.001,0.007,0.016,0.000,0.000,0.000,-0.041,0.599,0.446,0.000,0.000,0.000,0.002,0.002,0.002,0.000,0.000,0.000,0.000,100.261,100.159
219.000,3.456,3.048,31.942,32.163,1025.832,3.351,0.000,1001.042,0.607,0.551,20.902,100.227,99.622,99.678,330.239,16.164,595.468,337.782,16.531,608.373,-0.047,0.018,0.027,0.000,0.000,0.239,0.000,0.007,0.001,0.003,0.000,0.000,0.000,0.174,0.069,0.076,0.000,0.000,0.000,0.000,0.000,0.000,0.000,0.000,0.000,0.000,99.738,99.626
220.000,2.704,2.297,31.942,32.163,1025.896,6.079,0.000,1011.114,0.647,0.577,21.343,100.155,99.511,99.580,330.704,16.186,596.164,344.176,16.842,618.968,-0.015,0.001,0.002,0.000,0.000,0.234,0.000,0.004,0.000,0.000,0.000,0.000,0.000,0.100,0.005,0.008,0.000,0.000,0.000,0.001,0.001,0.002,0.000,0.000,0.000,0.000,99.572,99.489
221.000,2.691,2.283,31.942,32.163,1025.899,1.525,0.000,1019.610,0.613,0.476,21.796,97.634,97.040,97.171,340.288,16.653,612.530,344.290,16.847,619.156,0.673,0.013,0.099,0.000,0.000,0.229,0.000,0.045,0.001,0.007,0.000,0.000,0.000,1.309,0.049,0.182,0.000,0.000,0.000,0.000,0.000,0.000,0.000,0.000,0.000,0.000,97.128,97.067
222.000,2.828,2.420,31.942,32.163,1025.891,8.524,0.000,1005.425,0.661,0.539,22.259,96.916,96.279,96.397,343.256,16.798,617.855,343.109,16.790,617.201,0.201,0.000,0.002,0.000,0.000,0.225,0.000,0.013,0.000,0.000,0.000,0.000,0.000,0.387,0.000,0.004,0.000,0.000,0.000,0.003,0.003,0.005,0.000,0.000,0.000,0.000,96.400,96.344
223.000,2.873,2.466,31.942,32.163,1025.889,8.450,0.000,1008.538,0.616,0.568,22.731,98.889,98.283,98.331,337.330,16.508,607.355,342.719,16.771,616.554,0.465,0.047,0.177,0.000,0.000,0.220,0.000,0.037,0.002,0.013,0.000,0.000,0.000,1.098,0.174,0.353,0.000,0.000,0.000,0.003,0.003,0.004,0.000,0.000,0.000,0.000,98.394,98.319
224.000,2.752,2.344,31.942,32.163,1025.901,6.908,0.000,1009.865,0.579,0.577,23.212,98.947,98.378,98.379,337.998,16.541,608.610,343.765,16.822,618.288,0.428,0.044,0.164,0.000,0.000,0.215,0.000,0.034,0.002,0.012,0.000,0.000,0.000,1.034,0.164,0.330,0.000,0.000,0.000,0.002,0.002,0.003,0.000,0.000,0.000,0.000,98.471,98.392
225.000,2.650,2.243,31.942,32.163,1025.911,6.351,0.000,1013.422,0.564,0.575,23.699,98.729,98.175,98.165,339.467,16.613,611.110,344.644,16.864,619.744,0.390,0.020,0.090,0.000,0.000,0.211,0.000,0.029,0.001,0.006,0.000,0.000,0.000,0.896,0.074,0.181,0.000,0.000,0.000,0.001,0.001,0.002,0.000,0.000,0.000,0.000,98.270,98.193
226.000,2.669,2.262,31.942,32.163,1025.912,4.669,0.000,1015.943,0.555,0.582,24.194,98.354,97.810,97.784,341.525,16.713,614.690,344.478,16.856,619.468,0.444,0.014,0.079,0.000,0.000,0.207,0.000,0.031,0.001,0.005,0.000,0.000,0.000,0.964,0.052,0.155,0.000,0.000,0.000,0.001,0.001,0.001,0.000,0.000,0.000,0.000,97.907,97.845
227.000,2.542,2.134,31.942,32.163,1025.924,2.403,0.000,1017.790,0.571,0.624,24.693,98.319,97.761,97.709,342.214,16.747,615.953,345.586,16.910,621.305,0.317,0.004,0.030,0.000,0.000,0.202,0.000,0.022,0.000,0.002,0.000,0.000,0.000,0.699,0.016,0.061,0.000,0.000,0.000,0.000,0.000,0.000,0.000,0.000,0.000,0.000,97.830,97.774
228.000,2.245,1.838,31.942,32.163,1025.948,4.942,0.000,1014.460,0.605,0.648,25.196,97.942,97.353,97.312,343.936,16.830,618.896,348.184,17.036,625.607,0.189,0.000,0.005,0.000,0.000,0.198,0.000,0.013,0.000,0.000,0.000,0.000,0.000,0.403,0.001,0.010,0.000,0.000,0.000,0.001,0.001,0.001,0.000,0.000,0.000,0.000,97.421,97.358
229.000,1.760,1.353,31.942,32.163,1025.984,5.096,0.000,1009.064,0.602,0.625,25.703,97.730,97.145,97.123,345.372,16.900,621.118,352.513,17.246,632.777,0.430,0.005,0.042,0.000,0.000,0.195,0.000,0.029,0.000,0.003,0.000,0.000,0.000,0.889,0.019,0.082,0.000,0.000,0.000,0.001,0.001,0.001,0.000,0.000,0.000,0.000,97.189,97.133
230.000,1.607,1.200,31.942,32.163,1025.996,7.550,0.000,1010.331,0.591,0.568,26.211,97.277,96.706,96.728,347.767,17.015,624.824,353.897,17.313,635.070,0.515,0.006,0.052,0.000,0.000,0.191,0.000,0.034,0.000,0.003,0.000,0.000,0.000,1.014,0.021,0.097,0.000,0.000,0.000,0.002,0.002,0.003,0.000,0.000,0.000,0.000,96.781,96.719
231.000,1.940,1.533,31.942,32.163,1025.977,3.758,0.000,1019.750,0.549,0.563,26.720,97.128,96.597,96.584,349.550,17.102,627.838,350.895,17.167,630.099,0.820,0.025,0.177,0.000,0.000,0.187,0.000,0.053,0.001,0.011,0.000,0.000,0.000,1.596,0.092,0.324,0.000,0.000,0.000,0.000,0.000,0.000,0.000,0.000,0.000,0.000,96.703,96.631
232.000,2.495,2.088,31.942,32.163,1025.940,1.660,0.000,1022.322,0.574,0.669,27.230,97.216,96.661,96.570,349.832,17.117,628.757,345.991,16.930,621.974,0.372,0.002,0.021,0.000,0.000,0.184,0.000,0.024,0.000,0.001,0.000,0.000,0.000,0.752,0.006,0.040,0.000,0.000,0.000,0.000,0.000,0.000,0.000,0.000,0.000,0.000,96.761,96.726
233.000,2.539,2.132,31.942,32.163,1025.939,5.257,0.000,1023.882,0.627,0.824,27.737,98.412,97.799,97.608,345.859,16.924,622.301,345.606,16.911,621.337,0.091,0.000,0.001,0.000,0.000,0.180,0.000,0.007,0.000,0.000,0.000,0.000,0.000,0.224,0.000,0.003,0.000,0.000,0.000,0.001,0.001,0.001,0.000,0.000,0.000,0.000,97.829,97.835
234.000,2.456,2.048,31.942,32.163,1025.947,4.974,0.000,1025.268,0.631,0.848,28.243,98.514,97.896,97.686,346.008,16.932,622.623,346.336,16.946,622.546,0.278,0.006,0.035,0.000,0.000,0.177,0.000,0.021,0.000,0.002,0.000,0.000,0.000,0.701,0.022,0.077,0.000,0.000,0.000,0.001,0.001,0.001,0.000,0.000,0.000,0.000,97.917,97.918
235.000,2.289,1.881,31.942,32.163,1025.962,11.546,0.000,1020.491,0.635,0.849,28.745,98.319,97.699,97.491,347.205,16.990,624.674,347.804,17.017,624.977,0.290,0.005,0.031,0.000,0.000,0.174,0.000,0.021,0.000,0.002,0.000,0.000,0.000,0.703,0.017,0.068,0.000,0.000,0.000,0.007,0.007,0.010,0.000,0.000,0.000,0.000,97.751,97.718
236.000,2.153,1.745,31.942,32.163,1025.974,13.415,0.000,1002.815,0.539,0.739,29.243,98.748,98.218,98.023,347.041,16.981,624.171,349.003,17.076,626.965,0.598,0.124,0.430,0.000,0.000,0.171,0.000,0.045,0.006,0.029,0.000,0.000,0.000,1.494,0.463,0.874,0.000,0.000,0.000,0.011,0.010,0.016,0.000,0.000,0.000,0.000,98.288,98.198
237.000,1.801,1.394,31.942,32.163,1026.000,9.242,0.000,1009.481,0.459,0.563,29.736,100.370,99.911,99.808,342.203,16.744,615.304,352.144,17.228,632.166,-0.068,0.261,0.409,0.000,0.000,0.168,0.000,0.009,0.012,0.030,0.000,0.000,0.000,0.399,0.972,0.920,0.000,0.000,0.000,0.004,0.004,0.006,0.000,0.000,0.000,0.000,100.018,99.916
238.000,1.466,1.058,31.942,32.163,1026.024,6.941,0.000,1014.508,0.432,0.491,30.222,99.024,98.598,98.540,347.554,17.005,624.491,355.184,17.375,637.201,0.321,0.048,0.157,0.000,0.000,0.165,0.000,0.024,0.002,0.011,0.000,0.000,0.000,0.763,0.178,0.308,0.000,0.000,0.000,0.002,0.002,0.003,0.000,0.000,0.000,0.000,98.700,98.599
239.000,1.229,0.822,31.942,32.163,1026.040,3.868,0.000,1020.368,0.420,0.453,30.700,97.908,97.498,97.467,352.275,17.234,632.555,357.358,17.481,640.800,0.469,0.016,0.093,0.000,0.000,0.163,0.000,0.030,0.001,0.006,0.000,0.000,0.000,0.928,0.058,0.171,0.000,0.000,0.000,0.000,0.000,0.001,0.000,0.000,0.000,0.000,97.602,97.501
240.000,0.510,0.103,31.942,32.163,1026.080,0.868,0.000,1026.627,0.432,0.447,31.170,96.910,96.493,96.478,356.472,17.439,639.791,364.104,17.808,651.968,0.365,0.002,0.021,0.000,0.000,0.160,0.000,0.022,0.000,0.001,0.000,0.000,0.000,0.685,0.006,0.038,0.000,0.000,0.000,0.000,0.000,0.000,0.000,0.000,0.000,0.000,96.547,96.464
241.000,0.150,-0.258,31.942,32.163,1026.099,1.885,0.000,1020.726,0.454,0.351,31.630,94.630,94.203,94.299,365.371,17.871,654.831,367.571,17.976,657.705,0.136,0.000,0.000,0.000,0.000,0.158,0.000,0.008,0.000,0.000,0.000,0.000,0.000,0.240,0.000,0.001,0.000,0.000,0.000,0.000,0.000,0.000,0.000,0.000,0.000,0.000,94.299,94.208
242.000,0.398,-0.010,31.942,32.163,1026.090,3.287,0.000,1010.729,0.472,0.327,32.079,94.416,93.972,94.108,366.695,17.934,656.734,365.182,17.860,653.752,0.303,0.000,0.004,0.000,0.000,0.156,0.000,0.018,0.000,0.000,0.000,0.000,0.000,0.530,0.000,0.008,0.000,0.000,0.000,0.000,0.000,0.000,0.000,0.000,0.000,0.000,94.091,94.042
243.000,0.565,0.158,31.942,32.163,1026.084,5.848,0.000,1005.004,0.495,0.419,32.517,96.117,95.644,95.716,360.761,17.645,646.425,363.583,17.782,651.105,0.364,0.001,0.015,0.000,0.000,0.154,0.000,0.022,0.000,0.001,0.000,0.000,0.000,0.664,0.003,0.026,0.000,0.000,0.000,0.001,0.001,0.002,0.000,0.000,0.000,0.000,95.748,95.721
244.000,0.747,0.339,31.942,32.163,1026.077,4.183,0.000,1007.561,0.497,0.484,32.941,97.277,96.796,96.809,357.158,17.469,640.180,361.863,17.699,648.259,0.459,0.007,0.060,0.000,0.000,0.152,0.000,0.029,0.000,0.004,0.000,0.000,0.000,0.883,0.028,0.109,0.000,0.000,0.000,0.000,0.000,0.001,0.000,0.000,0.000,0.000,96.884,96.862
245.000,0.801,0.394,31.942,32.163,1026.076,5.763,0.000,1009.812,0.515,0.552,33.352,97.615,97.115,97.078,356.388,17.433,639.030,361.347,17.674,647.405,0.280,0.002,0.020,0.000,0.000,0.150,0.000,0.018,0.000,0.001,0.000,0.000,0.000,0.563,0.008,0.037,0.000,0.000,0.000,0.001,0.001,0.002,0.000,0.000,0.000,0.000,97.195,97.175
246.000,0.579,0.172,31.942,32.163,1026.089,3.275,0.000,1014.845,0.516,0.587,33.748,97.697,97.195,97.126,356.684,17.447,639.630,363.447,17.776,650.880,0.375,0.007,0.050,0.000,0.000,0.148,0.000,0.025,0.000,0.003,0.000,0.000,0.000,0.768,0.026,0.095,0.000,0.000,0.000,0.000,0.000,0.000,0.000,0.000,0.000,0.000,97.246,97.222
247.000,0.149,-0.258,31.942,32.163,1026.111,6.308,0.000,1008.196,0.528,0.579,34.132,96.778,96.269,96.222,360.533,17.635,646.247,367.575,17.976,657.712,0.287,0.001,0.012,0.000,0.000,0.146,0.000,0.018,0.000,0.001,0.000,0.000,0.000,0.556,0.003,0.022,0.000,0.000,0.000,0.001,0.001,0.002,0.000,0.000,0.000,0.000,96.309,96.281
248.000,0.092,-0.315,31.942,32.163,1026.115,4.535,0.000,1009.135,0.505,0.522,34.508,96.563,96.078,96.062,362.202,17.714,648.687,368.131,18.003,658.633,0.595,0.009,0.086,0.000,0.000,0.145,0.000,0.037,0.000,0.005,0.000,0.000,0.000,1.124,0.035,0.155,0.000,0.000,0.000,0.001,0.001,0.001,0.000,0.000,0.000,0.000,96.144,96.143
249.000,0.255,-0.152,31.942,32.163,1026.110,2.228,0.000,1012.051,0.509,0.543,34.877,96.496,96.007,95.975,363.081,17.757,650.188,366.553,17.926,656.022,0.424,0.003,0.032,0.000,0.000,0.143,0.000,0.026,0.000,0.002,0.000,0.000,0.000,0.804,0.010,0.059,0.000,0.000,0.000,0.000,0.000,0.000,0.000,0.000,0.000,0.000,96.065,96.073
250.000,0.288,-0.119,31.942,32.163,1026.110,10.832,0.000,1006.306,0.538,0.611,35.242,96.721,96.204,96.134,362.583,17.734,649.505,366.233,17.911,655.492,0.190,0.000,0.004,0.000,0.000,0.142,0.000,0.012,0.000,0.000,0.000,0.000,0.000,0.370,0.001,0.007,0.000,0.000,0.000,0.006,0.005,0.008,0.000,0.000,0.000,0.000,96.287,96.246
